195.275     24.9728     0     0     0     0     0     0     0     0     e
219.808     178.594     0     0     0     0     0     0     0     0     e
201.623     411.256     0     0     0     0     0     0     0     0     e
455.858     139.023     0     0     0     0     0     0     0     0     e
242.849     694.282     0     0     0     0     0     0     0     0     e
141.719     905.009     0     0     0     0     0     0     0     0     e
249.435     1338.95     0     0     0     0     0     0     0     0     e
226.018     1294.82     0     0     0     0     0     0     0     0     e
305.528     1393.53     0     0     0     0     0     0     0     0     e
379.119     1204.44     0     0     0     0     0     0     0     0     e
584.74     354.435     0     0     0     0     0     0     0     0     e
617.152     398.37     0     0     0     0     0     0     0     0     e
731.911     148.181     0     0     0     0     0     0     0     0     e
545.979     254.343     0     0     0     0     0     0     0     0     e
666.515     194.153     0     0     0     0     0     0     0     0     e
522.728     276.698     0     0     0     0     0     0     0     0     e
867.356     569.625     0     0     0     0     0     0     0     0     e
680.175     599.171     0     0     0     0     0     0     0     0     e
941.227     1495.68     0     0     0     0     0     0     0     0     e
627.513     1306.72     0     0     0     0     0     0     0     0     e
1260.88     168.409     0     0     0     0     0     0     0     0     e
1087.86     53.5392     0     0     0     0     0     0     0     0     e
1024.02     192.273     0     0     0     0     0     0     0     0     e
1368.27     279.025     0     0     0     0     0     0     0     0     e
1057.74     917.405     0     0     0     0     0     0     0     0     e
1092.19     595.073     0     0     0     0     0     0     0     0     e
1153.65     809.137     0     0     0     0     0     0     0     0     e
1496.77     718.688     0     0     0     0     0     0     0     0     e
1222.21     1321.72     0     0     0     0     0     0     0     0     e
1116.41     1253.22     0     0     0     0     0     0     0     0     e
