99.4526     104.173     0     0     0     0     1     0     0     0     d
440.431     147.508     0     0     0     0     1     0     0     0     d
322.511     258.851     0     0     0     0     5     0     0     0     d
270.411     14.3182     0     0     0     0     4     0     0     0     d
457.163     310.149     0     0     0     0     1     0     0     0     d
161.207     142.198     1     0     0     0     1     0     0     0     w
380.332     494.741     0     0     0     0     1     0     0     0     d
355.445     266.942     0     0     0     0     1     0     0     0     d
427.699     363.361     0     0     0     0     6     0     0     0     d
478.211     155.969     0     0     0     0     1     0     0     0     d
460.189     195.727     0     0     0     0     12     0     0     0     d
427.106     382.887     17     9     0     0     6     0     0     0     w
489.407     295.584     0     0     0     0     9     0     0     0     d
375.227     59.8081     31     34     0     1     5     0     238     0     w
287.739     44.8991     0     0     0     0     7     0     0     0     d
92.447     498.727     1     2     0     0     4     0     0     0     w
486.825     434.087     19     23     0     1     11     0     295     0     w
343.431     113.116     6     6     0     0     2     0     0     0     w
15.7975     208.67     15     14     0     0     1     0     0     0     w
314.849     178.298     6     9     0     0     2     0     0     0     w
202.438     425.8     0     0     0     0     0     0     0     0     e
326.121     385.561     0     0     0     0     0     0     0     0     e
110.039     399.219     0     0     0     0     0     0     0     0     e
350.864     812.349     0     0     0     0     1     0     0     0     d
498.36     791.95     0     0     0     0     1     0     0     0     d
422.398     841.086     0     0     0     0     2     0     0     0     d
111.778     838.406     0     0     0     0     6     0     0     0     d
358.541     947.805     0     0     0     0     9     0     0     0     d
25.0848     586.091     0     0     0     0     1     0     0     0     d
78.1116     962.262     0     0     0     0     4     0     0     0     d
335.969     675.206     2     1     0     0     28     0     0     0     w
457.108     578.757     0     0     0     0     4     0     0     0     d
449.749     711.931     34     30     0     2     19     0     416     0     w
116.206     558.547     0     0     0     0     2     0     0     0     e
370.456     874.948     11     9     0     1     7     0     138     0     w
402.475     557.294     8     8     0     0     8     0     0     0     w
150.159     584.934     1     0     0     0     0     0     0     0     w
463.098     676.442     4     4     0     1     6     0     239     0     w
160.798     535.965     0     0     0     0     0     0     0     0     e
212.269     847.274     0     0     0     0     0     0     0     0     e
61.0314     899.786     0     0     0     0     0     0     0     0     e
300.569     827.354     4     9     0     1     0     0     152     0     w
489.366     654.275     0     0     0     0     3     0     0     0     d
148.258     902.25     0     0     0     0     0     0     0     0     e
469.664     704.335     12     15     0     0     7     0     0     0     w
226.159     710.739     19     23     0     3     2     0     387     0     w
344.163     650.688     7     6     0     1     2     0     203     0     w
442.554     680.715     18     10     0     2     7     0     426     0     w
192.593     733.038     13     13     0     0     1     0     0     0     w
160.787     1427.86     0     0     0     0     10     0     0     0     d
273.507     1268.5     6     2     0     0     9     0     0     0     w
424.591     1099.17     5     3     0     0     6     0     0     0     w
382.034     1425.36     0     0     0     0     1     0     0     0     d
100.497     1394.19     0     0     0     0     1     0     0     0     d
12.5732     1142.94     0     0     0     0     1     0     0     0     d
393.03     1103.08     0     0     0     0     4     0     0     0     d
10.5673     1203.66     0     0     0     0     2     0     0     0     d
11.1173     1049     0     0     0     0     2     0     0     0     d
276.052     1492.06     0     0     0     0     2     0     0     0     d
362.327     1303.75     0     0     0     0     1     0     0     0     d
128.591     1076.78     10     12     0     0     13     0     0     0     w
473.414     1177.91     0     0     0     0     2     0     0     0     d
431.574     1370.42     0     0     0     0     26     0     0     0     d
196.112     1050.61     0     0     0     0     5     0     0     0     d
413.28     1030.43     0     0     0     0     1     0     0     0     d
319.052     1430.49     0     0     0     0     1     0     0     0     d
277.472     1340.59     0     0     0     0     5     0     0     0     d
45.3716     1298.94     0     0     0     0     17     0     0     0     d
278.244     1062.49     0     0     0     0     1     0     0     0     d
140.301     1186.47     13     9     0     2     11     0     316     0     w
24.7002     1256.67     5     6     0     0     14     0     0     0     w
450.786     1001.51     0     0     0     0     1     0     0     0     d
491.534     1343.75     0     0     0     0     1     0     0     0     d
220.501     1232.85     0     0     0     0     2     0     0     0     d
326.136     1466.17     0     0     0     0     1     0     0     0     d
266.276     1040.12     0     5     0     0     2     0     0     0     w
198.894     1150.05     0     0     0     0     7     0     0     0     d
305.484     1455.75     13     16     0     0     6     0     0     0     w
488.654     1001.13     0     0     0     0     0     0     0     0     e
150.171     1178.75     11     8     0     0     7     0     0     0     w
41.5829     1476.77     3     5     0     3     1     0     453     0     w
179.276     1024.44     11     11     0     2     1     0     278     0     w
90.6033     1327.73     16     11     0     1     5     0     205     0     w
283.595     1004.32     0     0     0     0     0     0     0     0     e
458.881     1142.3     0     0     0     0     0     0     0     0     e
101.807     1252.98     9     17     0     1     12     0     159     0     w
373.801     1109.8     6     6     0     1     2     0     132     0     w
177.363     1362.1     13     10     0     1     5     0     190     0     w
166.607     1076.57     6     11     0     0     2     0     0     0     w
804.671     157.469     0     0     0     0     1     0     0     0     d
831.216     8.93426     0     0     0     0     1     0     0     0     d
610.476     276.465     0     0     0     0     4     0     0     0     d
662.424     29.2724     0     0     0     0     3     0     0     0     d
837.398     204.313     0     0     0     0     23     0     0     0     d
524.177     14.0787     0     0     0     0     1     0     0     0     d
940.921     143.401     0     0     0     0     1     0     0     0     d
950.108     250.811     0     0     0     0     3     0     0     0     d
890.493     316.573     60     64     0     1     40     0     382     0     w
765.669     64.1665     0     0     0     0     1     0     0     0     d
507.07     367.398     9     12     0     0     25     0     0     0     w
697.359     141.225     0     0     0     0     1     0     0     0     d
783.939     167.36     0     0     0     0     2     0     0     0     d
768.012     424.892     0     0     0     0     11     0     0     0     d
530.049     284.435     0     0     0     0     1     0     0     0     d
942.21     255.675     0     0     0     0     1     0     0     0     d
556.329     400.157     0     0     0     0     4     0     0     0     d
822.956     353.878     0     0     0     0     1     0     0     0     d
862.093     216.96     0     0     0     0     11     0     0     0     d
762.837     147.762     0     0     0     0     4     0     0     0     d
976.301     123.001     36     39     0     0     24     0     0     0     w
630.643     399.882     12     15     0     0     38     0     0     0     w
517.942     381.61     0     0     0     0     6     0     0     0     d
826.148     125.72     34     32     0     1     46     0     351     0     w
513.012     51.6843     31     39     0     0     24     0     0     0     w
572.506     478.455     0     0     0     0     12     0     0     0     d
824.179     98.0186     0     0     0     0     2     0     0     0     d
695.765     82.4278     37     30     0     1     17     0     370     0     w
876.193     114.456     0     0     0     0     4     0     0     0     d
726.467     0.625725     0     0     0     0     8     0     0     0     d
736.556     34.3477     17     21     0     0     11     0     0     0     w
539.873     105.757     0     0     0     0     11     0     0     0     d
548.081     99.3383     0     0     0     2     19     0     758     0     d
887.347     217.48     22     19     0     2     10     0     718     0     w
520.095     99.6561     38     31     0     1     10     0     334     0     w
757.249     141.128     21     24     0     0     7     0     0     0     w
978.201     152.311     17     21     0     0     5     0     0     0     w
566.24     130.206     74     71     0     0     11     0     0     0     w
967.517     122.885     0     0     0     0     3     0     0     0     d
773.385     576.605     7     14     0     0     20     0     0     0     w
888.251     673.049     0     0     0     0     1     0     0     0     d
730.467     860.148     0     0     0     0     1     0     0     0     d
598.931     844.346     0     0     0     0     2     0     0     0     d
873.925     704.158     0     0     0     0     4     0     0     0     d
730.88     543.81     0     0     0     0     3     0     0     0     d
775.808     898.669     0     0     0     0     3     0     0     0     d
633.022     606.134     0     0     0     0     2     0     0     0     d
959.687     504.075     0     0     0     0     1     0     0     0     d
728.387     640.529     35     34     0     0     15     0     0     0     w
950.535     970.896     0     0     0     0     1     0     0     0     d
846.825     586.545     0     0     0     0     8     0     0     0     d
830.612     635.952     0     0     0     0     1     0     0     0     d
843.323     607.995     30     18     0     0     16     0     0     0     w
948.108     679.003     0     0     0     0     1     0     0     0     d
920.424     632.071     0     0     0     0     3     0     0     0     d
821.471     781.878     17     8     0     4     7     0     552     0     w
648.778     730.451     7     5     0     0     7     0     0     0     w
735.687     586.592     26     34     0     0     13     0     0     0     w
539.044     576.549     11     11     0     0     6     0     0     0     w
572.703     508.549     22     24     0     1     11     0     354     0     w
513.766     517.676     20     8     0     0     12     0     0     0     w
507.967     606.05     16     20     0     1     9     0     309     0     w
894.207     948.554     2     1     0     0     1     0     0     0     w
942.514     830.175     1     1     0     1     1     0     108     0     w
562.128     736.296     12     11     0     2     8     0     486     0     w
742.668     830.204     23     21     0     1     2     0     139     0     w
615.86     837.824     23     13     0     1     2     0     163     0     w
710.124     655.095     6     13     0     0     2     0     0     0     w
908.545     660.254     0     0     0     0     0     0     0     0     e
634.613     1056.78     0     0     0     0     1     0     0     0     d
725.009     1420.13     0     0     0     0     6     0     0     0     d
872.419     1103.61     4     7     0     2     21     0     188     0     w
598.34     1407.77     0     0     0     0     1     0     0     0     d
692.073     1289.59     0     0     0     0     3     0     0     0     d
813.057     1030.63     0     0     0     0     8     0     0     0     d
832.396     1123.24     0     0     0     0     2     0     0     0     d
817.661     1311.35     0     0     0     0     1     0     0     0     d
787.403     1052.58     0     0     0     0     2     0     0     0     d
591.391     1359.01     7     5     0     0     30     0     0     0     w
795.916     1068.67     0     0     0     0     3     0     0     0     d
693.367     1432.75     10     7     0     1     14     0     307     0     w
895.111     1225.57     11     7     0     2     10     0     302     0     w
961.836     1298.99     10     8     0     0     6     0     0     0     w
510.476     1173.33     7     9     0     1     3     0     118     0     w
501.233     1191.41     0     0     0     0     0     0     0     0     e
653.09     1042     0     0     0     0     0     0     0     0     e
529.621     1410.35     0     0     0     0     5     0     0     0     d
817.613     1442.32     8     5     0     1     7     0     302     0     w
523.763     1487.5     22     26     0     4     11     0     1144     0     w
664.406     1329.36     5     2     0     2     2     0     440     0     w
680.396     1143.07     0     0     0     0     0     0     0     0     e
760.723     1261.37     0     0     0     0     0     0     0     0     e
847.384     1038.14     0     0     0     0     0     0     0     0     e
1117.07     56.9545     0     0     0     0     1     0     0     0     d
1103.37     385.355     0     0     0     0     3     0     0     0     d
1135.81     389.601     0     0     0     0     2     0     0     0     d
1061.71     103.029     0     0     0     0     12     0     0     0     d
1355.49     97.34     0     0     0     0     10     0     0     0     d
1164.5     142.773     9     10     0     3     17     0     756     0     w
1035.69     255.712     0     0     0     0     11     0     0     0     d
1067.48     16.5073     0     0     0     0     1     0     0     0     d
1268.36     121.772     0     0     0     0     1     0     0     0     d
1458.8     437.768     0     0     0     0     1     0     0     0     d
1165.11     290.146     18     15     0     2     10     0     616     0     w
1474.71     95.5668     0     0     0     0     1     0     0     0     d
1047.58     164.134     0     0     0     0     5     0     0     0     d
1414.56     276.702     0     0     0     0     4     0     0     0     d
1244.39     306.278     0     0     0     0     1     0     0     0     d
1087.8     195.348     0     0     0     0     4     0     0     0     d
1307.83     378.159     22     18     0     2     23     0     496     0     w
1457.74     135.367     21     17     0     1     25     0     143     0     w
1231.9     343.214     0     0     0     0     3     0     0     0     d
1181.65     43.579     0     0     0     0     1     0     0     0     d
1429.85     304.171     0     0     0     0     2     0     0     0     d
1449.25     330.983     0     0     0     0     4     0     0     0     d
1040.68     468.033     0     0     0     0     1     0     0     0     d
1368.58     442.1     28     30     0     1     22     0     159     0     w
1424.75     293.454     30     29     0     0     12     0     0     0     w
1082.85     283.587     21     17     0     2     19     0     566     0     w
1401.59     481.346     16     18     0     2     13     0     294     0     w
1466.04     448.982     0     0     0     0     1     0     0     0     d
1018.5     84.2659     0     0     0     0     2     0     0     0     d
1302.58     186.229     23     7     0     0     6     0     0     0     w
1278.13     415.348     0     0     0     0     4     0     0     0     d
1491.12     65.7665     10     7     0     1     2     0     144     0     w
1081.03     352.112     13     13     0     0     6     0     0     0     w
1474.52     77.0189     13     16     0     2     6     0     266     0     w
1343.8     261.336     26     45     0     0     6     0     0     0     w
1029.23     157.142     25     18     0     0     7     0     0     0     w
1121.76     393.993     14     17     0     0     1     0     0     0     w
1481.73     127.437     10     16     0     1     2     0     102     0     w
1008.9     95.6669     21     24     0     0     6     0     0     0     w
1155.33     920.024     0     0     0     0     1     0     0     0     d
1342.05     632.572     19     17     0     2     12     0     268     0     w
1497.28     567.103     0     0     0     0     1     0     0     0     d
1380.77     666.411     0     0     0     0     2     0     0     0     d
1299.55     528.439     0     0     0     0     10     0     0     0     d
1047.11     906.815     1     2     0     0     1     0     0     0     w
1435.16     587.035     0     0     0     0     1     0     0     0     d
1068.94     520.331     0     0     0     0     2     0     0     0     d
1461.02     912.077     0     0     0     0     3     0     0     0     d
1119.52     606.113     1     0     0     0     1     0     0     0     w
1296.92     874.499     24     19     0     0     10     0     0     0     w
1383.21     765.523     8     5     0     3     8     0     351     0     w
1487.66     541.51     7     3     0     0     2     0     0     0     w
1342.97     868.754     0     0     0     0     1     0     0     0     d
1083.01     911.767     0     0     0     0     0     0     0     0     e
1418.03     570.598     11     5     0     0     3     0     0     0     w
1359.03     780.799     9     7     0     0     8     0     0     0     w
1204.36     532.155     0     0     0     0     1     0     0     0     d
1118.78     870.386     0     0     0     0     0     0     0     0     e
1052.04     965.909     1     0     0     0     0     0     0     0     w
1478.87     876.338     1     1     0     0     1     0     0     0     w
1137.17     947.194     0     0     0     0     2     0     0     0     d
1200.22     719.151     0     0     0     0     0     0     0     0     e
1047.71     815.549     0     0     0     0     0     0     0     0     e
1077.33     524.159     0     0     0     0     0     0     0     0     e
1299.06     1281.86     20     26     0     2     28     0     420     0     w
1110.86     1197.59     0     0     0     0     12     0     0     0     d
1287.01     1047.26     46     45     0     2     29     0     396     0     w
1059.75     1256.32     0     0     0     0     1     0     0     0     d
1090.9     1431.46     7     2     0     1     0     0     237     0     w
1026.27     1145.24     0     0     0     0     1     0     0     0     d
1388.17     1483.87     0     0     0     0     1     0     0     0     d
1442.14     1401.18     0     0     0     0     1     0     0     0     d
1108.01     1374.4     1     0     0     0     0     0     0     0     w
1189.49     1164.02     0     0     0     0     6     0     0     0     d
1116.89     1181.58     0     0     0     0     1     0     0     0     d
1105.49     1126.71     0     0     0     0     2     0     0     0     d
1087.84     1030.73     0     0     0     0     2     0     0     0     d
1332.22     1454.57     0     0     0     0     1     0     0     0     d
1210.64     1443.99     0     0     0     0     1     0     0     0     d
1442.14     1168     0     0     0     0     1     0     0     0     d
1202.41     1010.75     2     5     0     0     12     0     0     0     w
1189.74     1170.44     14     13     0     1     23     0     187     0     w
1231.14     1243.57     0     0     0     0     13     0     0     0     d
1177.33     1066.75     0     0     0     0     2     0     0     0     d
1114.54     1197.58     9     9     0     0     10     0     0     0     w
1426.06     1193.22     4     9     0     0     4     0     0     0     w
1344.81     1352.11     4     4     0     0     3     0     0     0     w
1492.82     1248.84     6     17     0     0     1     0     0     0     w
1323.4     1443.27     3     0     0     2     2     0     366     0     w
1161.93     1296.97     29     31     0     0     4     0     0     0     w
1121.09     1272.74     0     0     0     0     1     0     0     0     d
1207.63     1396.86     8     7     0     0     5     0     0     0     w
1246.79     1491.54     5     8     0     0     0     0     0     0     w
1182.18     1272.92     29     23     0     1     6     0     191     0     w
