0      10000       2009       0       0     991     1000      22     0.0001     225     0    0      453796     7394     7038     225     225
1      8877       2278       0       152     1148     983      22     0.00030982     224     13    44798      521685     8680     6733     221     221
2      10349       2497       0       142     1516     880      22     0.000833061     280     20    45047      563477     11511     7633     225     225
3      12401       2777       0       152     1908     756      22     0.000751274     373     42    53139      647951     14544     8736     226     226
4      12971       3125       0       138     2378     629      22     0.000864518     414     44    54398      659567     18214     8156     229     229
5      13674       3450       0       142     2766     576      22     0.00108374     500     64    63800      612956     21120     9231     229     229
6      16570       3818       0       146     3193     496      22     0.00194563     668     128    71106      731730     24431     10565     226     226
7      21151       4354       0       189     3723     472      22     0.00345349     919     215    108304      928567     28535     13498     225     225
8      23082       4991       0       200     4516     351      22     0.00131901     1082     209    128119      890492     34621     11891     225     225
9      27320       5728       0       170     5144     439      22     0.00147949     1232     218    124880      1145170     39407     16554     225     225
