0      10000       1989       0       11     1000     1000      22     0.0001     225     0    2451      454518     7127     7248     225     225
1      8857       2265       0       151     1207     957      22     0.00045303     234     16    44782      542667     8706     7006     229     229
2      8689       2515       0       112     1528     887      22     0.000358911     252     17    37876      476665     11255     6504     228     228
3      9283       2700       0       126     1759     804      22     0.000311645     307     36    45141      490685     13133     7012     231     231
4      10197       2881       0       115     2058     693      22     0.000529197     349     48    43360      544203     15733     6951     233     233
5      11714       3115       0       128     2341     621      22     0.00243137     494     117    52597      553180     18183     9031     233     233
6      18591       3509       0       183     2801     492      22     0.00333335     920     311    87206      842909     22287     13733     234     234
7      23016       4184       0       206     3639     313      22     0.00215461     1252     373    115634      890248     29440     12115     235     235
8      26048       4939       0       188     4389     321      22     0.000372713     1342     310    124283      1024052     36099     13471     230     230
9      28574       5667       0       184     5128     375      22     0.000160873     1316     209    143816      1191956     42620     15340     231     231
10      29931       6458       0       171     5913     465      22     0.000186978     1264     157    148891      1327435     49290     18312     230     230
11      32630       7375       0       168     6652     580      22     0.000178789     1236     123    164466      1491968     55391     22539     226     226
12      35035       8249       0       161     7491     625      22     0.000368441     1253     133    180649      1813723     62337     24342     224     224
13      37851       9238       0       154     8308     787      22     0.00049462     1236     116    197088      2105091     69102     30509     223     223
