0      10000       1992       0       8     1000     1000      22     0.0001     225     0    1718      455292     7360     8352     225     225
1      9563       2272       0       160     1226     970      22     2.38206e-005     221     4    46221      652213     9275     7659     228     228
2      8899       2467       0       128     1484     924      22     3.62862e-005     217     4    39026      585795     11548     7387     225     225
3      8485       2646       0       121     1751     817      22     3.27374e-005     208     1    41074      544851     13806     6216     225     225
4      7398       2743       0       108     1990     749      22     3.71034e-005     200     2    37060      452218     15721     5425     227     227
5      6890       2847       0       101     2065     741      22     2.28306e-005     192     2    37351      389440     16433     5133     229     229
6      6852       2945       0       101     2119     758      22     1.84011e-005     188     2    37182      432200     16851     5160     232     232
7      6743       2961       0       78     2154     771      22     3.23771e-005     181     2    30207      445093     17152     5081     233     233
8      6415       3046       0       72     2113     811      22     1.8451e-005     179     4    28885      399337     16830     5106     232     232
9      6310       3101       0       83     2122     818      22     1.14655e-005     169     6    35666      395086     16939     4990     228     228
10      6308       3127       0       60     2136     825      22     1.02327e-005     163     8    23991      414090     17137     4772     229     229
11      6285       3121       0       70     2085     836      22     6.49389e-006     159     5    29892      416955     16721     4823     228     228
12      6183       3112       0       66     2029     874      22     1.09094e-005     154     5    25801      417655     16237     4875     225     225
13      5872       3134       0       81     2016     915      22     1.70007e-005     147     5    32539      412574     15972     4801     222     222
14      5425       3094       0       49     2014     898      22     3.17492e-005     146     7    18895      350113     15888     4784     223     223
15      6179       3087       0       84     1947     912      22     1.64106e-005     143     7    33745      462669     15364     4797     225     225
16      5967       3091       0       61     1939     908      22     1.37784e-005     135     8    24426      445255     15357     4496     227     227
17      5428       3049       0       58     1904     915      22     1.60535e-005     131     8    25826      379038     15083     4350     229     229
18      4389       3054       0       35     1873     923      22     8.81644e-006     125     8    12619      268073     14763     3900     229     229
19      4242       2988       0       49     1796     933      22     4.70076e-006     121     10    17824      247592     14085     3650     231     231
20      4278       2869       0       50     1702     941      22     1.60734e-006     115     9    19253      280166     13312     3550     233     233
21      4165       2873       0       44     1635     942      22     1.51152e-006     107     7    17975      283733     12808     3348     231     231
22      3659       2806       0       52     1532     961      22     1.19098e-006     98     7    19106      234901     12111     3183     230     230
23      3857       2742       0       45     1475     948      22     7.68928e-007     93     8    16971      272801     11607     3060     226     226
24      3407       2651       0       48     1424     952      22     4.76089e-007     86     4    15395      234527     11199     2756     227     227
25      3073       2574       0       43     1329     934      22     3.84532e-007     83     4    13931      214887     10440     2415     226     226
26      2955       2452       0       37     1250     920      22     3.14491e-007     79     2    11682      194043     9773     2396     226     226
27      3096       2398       0       44     1165     921      22     4.40718e-007     76     1    14213      219328     8997     2364     224     224
28      3020       2367       0       39     1154     887      22     8.64499e-007     73     1    14513      216472     8921     2172     227     227
29      2340       2278       0       43     1112     858      22     1.16156e-006     67     3    11884      133542     8599     1957     227     227
30      2150       2171       0       43     1057     842      22     1.32649e-006     63     2    11264      110234     8108     1808     227     227
31      2288       2082       0       36     991     832      22     1.05866e-006     59     2    9610      151670     7610     1804     222     222
32      1981       1971       0       54     918     838      22     1.4421e-006     56     1    13466      111325     7035     1734     219     219
33      2199       1895       0       44     877     819      22     1.815e-006     55     1    11525      157527     6801     1699     215     215
34      1859       1821       0       43     837     783      22     1.1657e-006     53     1    9786      102423     6453     1596     215     215
35      1922       1765       0       50     775     765      22     1.41567e-006     52     1    11473      132044     6001     1528     216     216
36      2047       1705       0       38     775     738      22     1.34494e-006     50     1    8475      151065     5981     1492     211     211
37      1704       1654       0       33     734     741      22     2.82386e-006     46     1    7122      108466     5676     1507     211     211
38      1904       1600       0       33     703     715      22     2.23194e-006     45     1    7946      138680     5482     1416     211     211
39      1574       1576       0       31     687     687      22     2.32318e-006     41     1    6773      102118     5354     1242     212     212
40      1532       1498       0       34     648     653      22     2.16231e-006     37     0    5983      102462     5057     1136     212     212
41      1246       1437       0       31     591     644      22     2.28952e-006     37     0    5507      69228     4622     1135     212     212
42      1324       1369       0       38     535     644      22     2.24127e-006     33     0    6198      79198     4194     1071     214     214
43      1381       1309       0       46     507     619      22     3.04511e-006     30     0    7866      94723     3952     1035     217     217
44      1335       1267       0       43     503     595      22     2.36375e-006     30     0    7216      90751     3936     1018     216     216
45      1094       1209       0       31     491     573      22     2.24486e-006     30     1    5439      61462     3848     982     214     214
46      1231       1166       0       20     457     540      22     1.46573e-006     28     1    2868      87377     3547     908     213     213
47      1130       1138       0       27     436     508      22     9.05799e-007     28     0    3952      72392     3385     844     220     220
48      1077       1097       0       27     417     482      22     7.06875e-007     27     0    3390      68999     3206     771     222     222
49      898       1022       0       30     394     458      22     3.65391e-007     25     0    4176      48554     3058     696     225     225
50      958       963       0       40     379     421      22     1.83914e-007     24     0    4947      54766     2957     627     220     220
51      664       929       0       28     345     411      22     1.55622e-007     22     0    3180      30532     2702     592     219     219
52      814       885       0       27     325     398      22     1.30245e-007     22     0    3074      42544     2577     570     219     219
53      775       857       0       33     291     393      22     2.83925e-007     22     0    3933      35261     2318     567     215     215
54      749       810       0       32     269     398      22     5.26781e-007     21     0    3357      40475     2139     535     218     218
55      788       773       0       36     258     376      22     3.95442e-007     22     0    2950      39750     2039     525     221     221
56      690       738       0       39     235     357      22     2.97507e-007     22     0    3077      33862     1857     501     224     224
57      753       707       0       41     224     337      22     2.96828e-007     22     0    3497      43541     1745     469     221     221
58      708       679       0       44     230     325      22     5.77366e-007     21     0    3547      30442     1795     396     217     217
59      558       637       0       39     230     319      22     6.33012e-007     20     0    2595      23260     1789     382     220     220
60      545       615       0       31     222     303      22     5.35329e-007     20     0    1974      20031     1745     369     224     224
61      546       590       0       30     209     281      22     4.6362e-007     20     0    1974      26634     1660     340     229     229
62      546       566       0       35     184     279      22     4.17826e-007     19     0    2237      19858     1450     332     229     229
63      728       540       0       36     175     258      22     3.08264e-007     19     0    2190      41864     1345     312     233     233
64      478       510       0       44     162     243      22     5.79948e-007     17     0    2467      23022     1272     278     233     233
65      412       494       0       39     155     228      22     4.32861e-007     16     0    2074      15366     1236     258     235     235
66      552       474       0       29     164     205      22     2.8476e-007     16     0    1459      26492     1326     256     233     233
67      333       447       0       30     150     189      22     2.3406e-007     16     0    1681      10853     1224     232     233     233
68      298       421       0       29     139     178      22     9.84608e-008     15     0    1521      11106     1144     208     231     231
69      475       401       0       34     119     177      22     5.08031e-008     14     0    1579      26985     989     197     226     226
70      361       388       0       33     102     175      22     2.40771e-008     13     0    1485      17659     850     194     227     227
71      406       369       0       26     105     159      22     4.77413e-008     13     0    1129      16428     889     182     223     223
72      304       354       0       23     104     143      22     3.54165e-008     11     0    961      11976     875     159     222     222
73      339       348       0       21     92     140      22     2.0194e-008     10     0    863      16485     770     151     220     220
74      195       315       0       22     78     137      22     1.37274e-008     10     0    780      5299     649     148     222     222
75      240       300       0       21     75     132      22     1.83786e-008     10     0    735      8424     631     141     224     224
76      191       279       0       28     70     129      22     8.63944e-009     10     0    966      4405     601     140     222     222
77      319       266       0       32     60     128      22     1.13301e-008     9     0    932      13303     526     137     220     220
78      204       253       0       29     55     119      22     2.18027e-008     9     0    822      6808     482     128     222     222
79      234       249       0       30     50     110      22     2.23755e-008     8     0    842      8404     420     108     223     223
80      109       234       0       26     54     106      22     3.46221e-008     6     0    678      2229     438     93     222     222
81      245       222       0       21     50     102      22     2.90459e-008     6     0    515      13493     394     94     220     220
82      214       212       0       19     46     94      22     5.09536e-008     6     0    464      8970     365     92     214     214
83      83       193       0       19     40     89      22     1.2763e-007     5     0    421      1671     317     77     210     210
84      184       176       0       19     32     84      22     7.74741e-008     5     0    418      7884     256     73     209     209
85      142       167       0       22     29     80      22     5.60712e-008     5     0    484      5190     238     73     206     206
86      104       160       0       22     32     70      22     1.56447e-007     4     0    453      3210     272     56     202     202
87      98       150       0       19     33     65      22     4.00068e-008     3     0    364      3906     277     42     205     205
88      78       145       0       17     28     58      22     6.20697e-008     2     0    329      3050     234     32     207     207
89      13       131       0       14     26     50      22     7.76837e-008     1     0    245      169     215     20     214     214
90      37       120       0       14     20     47      22     9.40784e-008     1     0    223      1369     166     25     213     213
91      66       109       0       11     15     46      22     1.59923e-007     1     0    156      4356     121     26     213     213
92      19       101       0       7     13     38      22     2.14996e-007     1     0    85      361     111     22     220     220
93      12       95       0       8     10     36      22     3.22571e-007     1     0    96      144     83     24     218     218
94      29       87       0       8     11     34      22     1.62777e-007     1     0    89      841     99     26     219     219
95      48       78       0       8     7     37      22     1.24273e-007     1     0    106      2304     63     27     216     216
96      15       73       0       5     10     34      22     9.03434e-008     1     0    65      225     92     26     214     214
97      35       65       0       6     14     28      22     6.3192e-008     1     0    79      1225     136     21     215     215
98      64       62       0       6     16     30      22     8.06716e-008     1     0    89      4096     161     22     218     218
99      78       60       0       4     19     23      22     1.50982e-007     1     0    58      6084     201     16     221     221
100      29       56       0       7     16     23      22     2.24572e-007     1     0    106      841     168     17     224     224
101      48       51       0       4     12     25      22     3.05244e-007     1     0    52      2304     124     16     226     226
102      18       44       0       3     13     24      22     2.92571e-007     1     0    32      324     135     15     227     227
103      10       42       0       4     8     20      22     2.0838e-007     1     0    42      100     80     14     233     233
104      4       39       0       3     9     18      22     1.84469e-007     1     0    27      16     91     12     231     231
105      0       34       0       3     6     20      22     1.81592e-007     0     0    33      0     62     0     230     230
106      0       31       0       2     5     21      22     8.51111e-008     0     0    18      0     51     0     224     224
107      0       30       0       2     2     22      22     2.43906e-007     0     0    18      0     22     0     229     229
108      0       29       0       2     2     21      22     1.26969e-007     0     0    16      0     22     0     223     223
109      0       26       0       2     2     19      22     3.5352e-007     0     0    14      0     22     0     223     223
110      0       24       0       1     1     18      22     1.57836e-007     0     0    7      0     11     0     228     228
111      0       23       0       1     0     18      22     1.84977e-007     0     0    7      0     0     0     228     228
112      0       23       0       1     0     14      22     2.2771e-007     0     0    7      0     0     0     226     226
113      0       21       0       1     0     14      22     2.72568e-007     0     0    7      0     0     0     222     222
114      0       21       0       1     0     12      22     4.76197e-007     0     0    7      0     0     0     224     224
115      0       21       0       1     0     11      22     5.611e-007     0     0    7      0     0     0     222     222
116      0       16       0       1     0     10      22     6.93787e-007     0     0    6      0     0     0     221     221
117      0       15       0       1     0     8      22     8.07448e-007     0     0    6      0     0     0     221     221
118      0       13       0       0     0     6      22     1.25812e-006     0     0    0      0     0     0     221     221
119      0       12       0       0     0     6      22     3.81993e-006     0     0    0      0     0     0     222     222
120      0       11       0       0     0     6      22     5.78911e-006     1     1    0      0     0     2     216     216
121      17       11       0       0     0     6      22     1.88996e-005     3     2    0      289     0     3     213     213
122      0       10       0       0     0     5      22     2.09815e-005     7     7    0      0     0     3     214     214
123      0       10       0       0     0     4      22     1.98603e-005     12     12    0      0     0     4     212     212
124      11       10       0       0     1     3      22     3.40564e-005     14     13    0      121     11     3     211     211
125      21       9       0       0     0     4      22     1.65436e-005     18     16    0      245     0     5     209     209
126      11       10       0       1     0     4      22     2.76952e-005     22     20    4      61     0     5     209     209
127      4       7       0       1     0     3      22     3.00095e-005     25     24    3      16     0     6     211     211
128      2       7       0       1     0     2      22     1.94426e-005     32     31    3      4     0     6     208     208
129      11       8       0       3     0     2      22     1.45159e-005     33     31    7      85     0     5     206     206
130      6       8       0       3     0     2      22     1.30911e-005     33     31    7      26     0     5     211     211
131      4       9       0       3     0     2      22     3.66906e-005     33     31    9      10     0     5     207     207
132      2       9       0       4     0     2      22     6.90848e-005     34     33    12      4     0     5     202     202
133      2       8       0       2     1     2      22     3.47814e-005     38     37    5      4     10     5     199     199
134      47       8       0       3     1     1      22     2.01259e-005     41     38    8      1077     10     1     196     196
135      20       7       0       6     1     1      22     4.55903e-005     45     42    12      166     10     1     200     200
136      13       7       0       7     1     1      22     2.87359e-005     47     44    14      65     10     1     198     198
137      6       5       0       7     1     1      22     3.43434e-005     47     44    13      12     10     2     197     197
138      5       5       0       7     1     1      22     3.39296e-005     51     48    13      9     10     2     199     199
139      3       4       0       7     0     1      22     2.47731e-005     51     49    12      5     0     2     195     195
140      1       4       0       7     0     1      22     2.37513e-005     47     46    12      1     0     1     207     207
141      1       4       0       7     0     1      22     2.49025e-005     52     51    12      1     0     1     211     211
142      1       4       0       7     0     1      22     2.94771e-005     54     53    12      1     0     1     211     211
143      0       3       0       7     0     1      22     1.67701e-005     47     47    6      0     0     1     209     209
144      0       3       0       7     0     1      22     1.83162e-005     46     46    6      0     0     1     210     210
145      0       3       0       6     0     1      22     2.60156e-005     44     44    6      0     0     1     212     212
146      0       3       0       5     0     1      22     3.24029e-005     45     45    5      0     0     1     216     216
147      0       2       0       4     0     1      22     1.22276e-005     45     45    4      0     0     1     215     215
148      0       2       0       4     0     1      22     1.89041e-005     44     44    4      0     0     1     211     211
149      0       2       0       4     0     1      22     2.33245e-005     45     45    4      0     0     1     211     211
150      29       3       0       3     0     1      22     2.89174e-005     49     48    3      841     0     2     210     210
151      9       3       0       4     0     1      22     5.18067e-005     51     50    4      81     0     2     210     210
152      18       2       0       3     1     1      22     6.29772e-005     55     54    2      324     12     2     207     207
153      6       4       0       4     0     2      22     4.63632e-005     55     54    6      36     0     4     208     208
154      5       4       0       3     0     2      22     5.13316e-005     58     57    5      25     0     4     209     209
155      12       5       0       5     1     1      22     3.53731e-005     63     62    13      144     9     2     213     213
156      6       4       0       5     1     1      22     1.7276e-005     65     64    12      36     9     2     212     212
157      35       5       0       5     1     1      22     1.91065e-005     65     64    16      1225     9     2     214     214
158      24       5       0       5     1     1      22     2.32057e-005     66     64    16      290     9     2     210     210
159      9       4       0       5     0     2      22     6.69874e-006     60     58    12      41     0     6     208     208
160      7       4       0       6     0     2      22     9.77294e-006     59     57    15      25     0     5     202     202
161      5       3       0       6     0     2      22     1.08365e-005     57     55    10      13     0     5     203     203
162      3       4       0       6     0     2      22     1.93037e-005     54     52    15      5     0     4     205     205
163      2       4       0       6     0     2      22     5.34149e-005     56     54    15      2     0     4     209     209
164      2       3       0       6     0     1      22     4.14666e-005     64     62    15      2     0     2     214     214
165      2       3       0       4     0     1      22     1.13639e-005     63     61    9      2     0     2     212     212
166      1       3       0       4     0     0      22     1.49331e-005     62     61    9      1     0     0     208     208
167      1       3       0       4     0     0      22     2.01303e-005     62     61    9      1     0     0     212     212
168      1       3       0       3     0     0      22     3.49157e-005     60     59    6      1     0     0     209     209
169      1       2       0       3     0     0      22     2.74199e-005     62     61    4      1     0     0     211     211
170      0       3       0       3     0     0      22     4.24182e-005     62     62    6      0     0     0     211     211
171      0       3       0       3     0     0      22     4.30531e-005     65     65    6      0     0     0     207     207
172      0       3       0       3     0     0      22     4.20999e-005     64     64    6      0     0     0     204     204
173      0       2       0       2     0     0      22     3.90871e-005     63     63    4      0     0     0     204     204
174      0       2       0       2     0     0      22     1.89817e-005     66     66    4      0     0     0     200     200
175      0       1       0       2     0     0      22     3.79714e-005     65     65    2      0     0     0     200     200
176      0       1       0       2     0     0      22     3.27106e-005     64     64    2      0     0     0     201     201
177      0       1       0       1     0     0      22     1.93597e-005     66     66    1      0     0     0     199     199
178      0       1       0       1     0     0      22     3.77243e-005     71     71    1      0     0     0     205     205
179      0       1       0       1     0     0      22     2.46432e-005     72     72    1      0     0     0     209     209
180      0       1       0       1     0     0      22     6.19786e-005     72     72    1      0     0     0     214     214
181      0       1       0       1     0     0      22     6.83231e-005     77     77    1      0     0     0     211     211
182      0       0       0       1     0     0      22     3.31835e-005     77     77    0      0     0     0     209     209
183      0       0       0       1     0     0      22     3.78258e-005     76     76    0      0     0     0     212     212
184      0       0       0       1     0     0      22     4.79758e-005     73     73    0      0     0     0     215     215
185      0       0       0       1     0     0      22     2.14861e-005     77     77    0      0     0     0     214     214
186      0       0       0       1     0     0      22     3.66807e-005     76     76    0      0     0     0     215     215
187      0       0       0       1     0     0      22     2.50353e-005     74     74    0      0     0     0     227     227
188      0       0       0       1     0     0      22     2.97308e-005     74     74    0      0     0     0     225     225
189      0       0       0       1     0     0      22     2.34522e-005     78     78    0      0     0     0     218     218
190      0       0       0       1     0     0      22     8.64161e-006     76     76    0      0     0     0     220     220
191      0       0       0       1     0     0      22     6.49349e-006     72     72    0      0     0     0     221     221
192      0       0       0       0     0     0      22     6.67793e-006     70     70    0      0     0     0     219     219
193      0       0       0       0     0     0      22     4.37766e-006     69     69    0      0     0     0     225     225
194      0       0       0       0     0     0      22     4.25591e-006     66     66    0      0     0     0     224     224
195      0       0       0       0     0     0      22     4.33995e-006     62     62    0      0     0     0     224     224
196      0       0       0       0     0     0      22     2.26397e-006     60     60    0      0     0     0     227     227
197      0       0       0       0     0     0      22     4.35581e-006     57     57    0      0     0     0     229     229
198      0       0       0       0     0     0      22     4.08728e-006     51     51    0      0     0     0     236     236
199      0       0       0       0     0     0      22     3.2484e-006     49     49    0      0     0     0     230     230
200      0       0       0       0     0     0      22     2.43685e-006     44     44    0      0     0     0     231     231
201      0       0       0       0     0     0      22     1.2383e-005     44     44    0      0     0     0     230     230
202      0       0       0       0     0     0      22     8.87737e-006     42     42    0      0     0     0     227     227
203      0       0       0       0     0     0      22     7.6379e-006     42     42    0      0     0     0     223     223
204      0       0       0       0     0     0      22     1.65664e-005     42     42    0      0     0     0     224     224
205      0       0       0       0     0     0      22     1.80778e-005     41     41    0      0     0     0     226     226
206      0       0       0       0     0     0      22     2.7927e-005     43     43    0      0     0     0     223     223
207      0       0       0       0     0     0      22     4.12448e-005     42     42    0      0     0     0     223     223
208      0       0       0       0     0     0      22     3.48642e-005     44     44    0      0     0     0     221     221
209      0       0       0       0     0     0      22     2.48944e-005     44     44    0      0     0     0     221     221
210      0       0       0       0     0     0      22     1.576e-005     48     48    0      0     0     0     221     221
211      0       0       0       0     0     0      22     9.13566e-006     46     46    0      0     0     0     225     225
212      0       0       0       0     0     0      22     6.57994e-006     43     43    0      0     0     0     226     226
213      0       0       0       0     0     0      22     9.30434e-006     39     39    0      0     0     0     228     228
214      0       0       0       0     0     0      22     7.41512e-006     37     37    0      0     0     0     230     230
215      0       0       0       0     0     0      22     1.00255e-005     38     38    0      0     0     0     223     223
216      0       0       0       0     0     0      22     1.37837e-005     38     38    0      0     0     0     222     222
217      0       0       0       0     0     0      22     1.3608e-005     40     40    0      0     0     0     215     215
218      0       0       0       0     0     0      22     3.40443e-006     41     41    0      0     0     0     216     216
219      0       0       0       0     0     0      22     2.93474e-006     42     42    0      0     0     0     217     217
220      0       0       0       0     0     0      22     4.47879e-006     39     39    0      0     0     0     216     216
221      0       0       0       0     0     0      22     3.94571e-006     39     39    0      0     0     0     218     218
222      0       0       0       0     0     0      22     4.70001e-006     40     40    0      0     0     0     215     215
223      0       0       0       0     0     0      22     1.618e-005     38     38    0      0     0     0     214     214
224      0       0       0       0     0     0      22     1.2902e-005     36     36    0      0     0     0     210     210
225      0       0       0       0     0     0      22     2.86095e-005     37     37    0      0     0     0     218     218
226      0       0       0       0     0     0      22     2.72669e-005     36     36    0      0     0     0     217     217
227      0       0       0       0     0     0      22     4.85972e-005     41     41    0      0     0     0     215     215
228      0       0       0       0     0     0      22     0.000109912     46     46    0      0     0     0     221     221
229      0       0       0       0     0     0      22     9.24348e-005     59     59    0      0     0     0     219     219
230      0       0       0       0     0     0      22     7.1474e-005     68     68    0      0     0     0     218     218
231      0       0       0       0     0     0      22     8.9204e-005     72     72    0      0     0     0     219     219
232      0       0       0       0     0     0      22     0.000213676     90     90    0      0     0     0     216     216
233      0       0       0       0     0     0      22     0.000210434     105     105    0      0     0     0     220     220
234      0       0       0       0     0     0      22     0.000430397     144     144    0      0     0     0     219     219
235      0       0       0       0     0     0      22     0.000226984     176     176    0      0     0     0     223     223
236      0       0       0       0     0     0      22     0.000321911     182     182    0      0     0     0     213     213
237      0       0       0       0     0     0      22     0.000615405     265     265    0      0     0     0     215     215
238      0       0       0       0     0     0      22     0.00036827     300     300    0      0     0     0     219     219
239      0       0       0       0     0     0      22     0.000845008     346     346    0      0     0     0     216     216
240      0       0       0       0     0     0      22     0.000724689     439     439    0      0     0     0     213     213
241      0       0       0       0     0     0      22     0.000365309     468     468    0      0     0     0     212     212
242      0       0       0       0     0     0      22     9.66342e-005     469     469    0      0     0     0     213     213
243      0       0       0       0     0     0      22     7.23851e-005     454     454    0      0     0     0     210     210
244      0       0       0       0     0     0      22     4.58475e-005     436     436    0      0     0     0     208     208
245      0       0       0       0     0     0      22     4.22401e-005     417     417    0      0     0     0     215     215
246      0       0       0       0     0     0      22     6.27311e-005     398     398    0      0     0     0     217     217
247      0       0       0       0     0     0      22     3.86327e-005     371     371    0      0     0     0     215     215
248      0       0       0       0     0     0      22     5.96744e-005     359     359    0      0     0     0     214     214
249      0       0       0       0     0     0      22     8.01981e-005     354     354    0      0     0     0     211     211
250      0       0       0       0     0     0      22     2.39603e-005     337     337    0      0     0     0     214     214
251      0       0       0       0     0     0      22     1.54088e-005     328     328    0      0     0     0     217     217
252      0       0       0       0     0     0      22     2.6484e-005     311     311    0      0     0     0     217     217
253      0       0       0       0     0     0      22     2.1805e-005     305     305    0      0     0     0     212     212
254      0       0       0       0     0     0      22     4.00694e-005     294     294    0      0     0     0     210     210
255      0       0       0       0     0     0      22     2.50431e-005     286     286    0      0     0     0     213     213
256      0       0       0       0     0     0      22     2.33757e-005     276     276    0      0     0     0     212     212
257      0       0       0       0     0     0      22     2.80098e-005     260     260    0      0     0     0     207     207
258      0       0       0       0     0     0      22     5.29984e-005     254     254    0      0     0     0     209     209
259      0       0       0       0     0     0      22     3.81575e-005     257     257    0      0     0     0     214     214
260      0       0       0       0     0     0      22     4.61678e-005     253     253    0      0     0     0     214     214
261      0       0       0       0     0     0      22     3.6556e-005     237     237    0      0     0     0     213     213
262      0       0       0       0     0     0      22     3.41624e-005     238     238    0      0     0     0     216     216
263      0       0       0       0     0     0      22     8.76244e-005     225     225    0      0     0     0     220     220
264      0       0       0       0     0     0      22     0.00012546     222     222    0      0     0     0     221     221
265      0       0       0       0     0     0      22     5.39786e-005     221     221    0      0     0     0     221     221
266      0       0       0       0     0     0      22     7.76329e-005     212     212    0      0     0     0     219     219
267      0       0       0       0     0     0      22     0.000117565     213     213    0      0     0     0     215     215
268      0       0       0       0     0     0      22     7.99756e-005     218     218    0      0     0     0     216     216
269      0       0       0       0     0     0      22     5.69424e-005     214     214    0      0     0     0     217     217
270      0       0       0       0     0     0      22     7.10382e-005     222     222    0      0     0     0     216     216
271      0       0       0       0     0     0      22     4.59737e-005     220     220    0      0     0     0     217     217
272      0       0       0       0     0     0      22     2.58457e-005     207     207    0      0     0     0     215     215
273      0       0       0       0     0     0      22     3.99323e-005     202     202    0      0     0     0     214     214
274      0       0       0       0     0     0      22     2.31454e-005     197     197    0      0     0     0     213     213
275      0       0       0       0     0     0      22     1.8656e-005     187     187    0      0     0     0     215     215
276      0       0       0       0     0     0      22     1.50176e-005     173     173    0      0     0     0     213     213
277      0       0       0       0     0     0      22     2.79908e-005     171     171    0      0     0     0     214     214
278      0       0       0       0     0     0      22     7.35056e-005     169     169    0      0     0     0     212     212
279      0       0       0       0     0     0      22     4.47681e-005     166     166    0      0     0     0     210     210
280      0       0       0       0     0     0      22     4.86338e-005     157     157    0      0     0     0     211     211
281      0       0       0       0     0     0      22     3.93957e-005     150     150    0      0     0     0     210     210
282      0       0       0       0     0     0      22     7.24774e-005     143     143    0      0     0     0     214     214
283      0       0       0       0     0     0      22     0.00013092     149     149    0      0     0     0     215     215
284      0       0       0       0     0     0      22     0.000101738     151     151    0      0     0     0     220     220
285      0       0       0       0     0     0      22     5.13411e-005     150     150    0      0     0     0     224     224
286      0       0       0       0     0     0      22     3.64456e-005     146     146    0      0     0     0     221     221
287      0       0       0       0     0     0      22     1.50686e-005     139     139    0      0     0     0     222     222
288      0       0       0       0     0     0      22     2.32582e-005     137     137    0      0     0     0     226     226
289      0       0       0       0     0     0      22     1.50188e-005     131     131    0      0     0     0     225     225
290      0       0       0       0     0     0      22     2.43319e-005     135     135    0      0     0     0     227     227
291      0       0       0       0     0     0      22     2.74839e-005     138     138    0      0     0     0     227     227
292      0       0       0       0     0     0      22     4.26735e-005     136     136    0      0     0     0     224     224
293      0       0       0       0     0     0      22     2.62585e-005     131     131    0      0     0     0     224     224
294      0       0       0       0     0     0      22     4.37359e-005     131     131    0      0     0     0     229     229
295      0       0       0       0     0     0      22     5.4206e-005     121     121    0      0     0     0     230     230
296      0       0       0       0     0     0      22     7.67376e-005     117     117    0      0     0     0     229     229
297      0       0       0       0     0     0      22     3.74967e-005     116     116    0      0     0     0     231     231
298      0       0       0       0     0     0      22     4.46018e-005     118     118    0      0     0     0     228     228
299      0       0       0       0     0     0      22     3.60276e-005     123     123    0      0     0     0     227     227
0      10000       2002       0       0     998     1000      22     2.14781e-005     48     0    0      2093048     7335     1725     225     225
1      2290       1929       0       41     888     1023      22     1.70268e-005     50     1    12214      144026     6530     2375     226     226
2      2626       1861       0       46     853     1007      22     1.89258e-005     50     1    13555      205758     6303     2253     228     228
3      2654       1812       0       48     852     964      22     1.23916e-005     51     1    13310      197254     6320     2186     231     231
4      2387       1787       0       42     828     936      22     7.55344e-006     49     0    10153      170379     6192     2085     233     233
5      2206       1743       0       41     795     898      22     9.42619e-006     46     1    9775      156500     5907     1901     230     230
6      2104       1675       0       39     732     877      22     4.23671e-006     44     1    8526      154314     5413     1782     230     230
7      2168       1615       0       48     699     822      22     5.2127e-006     43     1    10939      171318     5196     1641     229     229
8      1938       1543       0       40     694     785      22     1.21483e-005     43     2    9138      138838     5158     1565     229     229
9      2005       1460       0       40     674     739      22     3.04209e-005     46     3    8379      136625     5008     1552     228     228
10      1696       1409       0       47     650     699      22     1.48364e-005     44     3    7808      105006     4869     1482     226     226
11      1672       1358       0       49     663     639      22     5.57733e-006     44     3    8490      95616     4931     1344     226     226
12      1323       1331       0       40     630     620      22     3.64656e-006     42     3    5986      58679     4636     1171     225     225
13      1430       1278       0       49     578     605      22     4.88613e-006     40     2    8754      70060     4241     1148     225     225
14      1676       1224       0       41     585     562      22     3.48655e-006     38     1    6855      111676     4285     1062     228     228
15      1323       1164       0       55     541     557      22     7.37311e-006     38     1    7822      65533     3954     1138     231     231
16      1398       1118       0       44     520     550      22     4.37123e-006     38     1    7152      77634     3763     1078     231     231
17      1468       1067       0       42     522     531      22     4.47784e-006     37     1    7241      90780     3824     1052     231     231
18      1434       1028       0       45     528     494      22     4.31872e-006     37     1    7242      85468     3843     1006     234     234
19      1284       990       0       49     505     483      22     7.85535e-006     33     1    7036      81224     3671     857     229     229
20      1143       961       0       39     497     476      22     7.1348e-006     33     2    5162      67477     3655     835     229     229
21      1018       917       0       46     457     463      22     1.13358e-005     32     2    5532      48808     3342     783     223     223
22      1042       902       0       48     429     439      22     7.72755e-006     29     2    6086      60892     3135     680     223     223
23      988       848       0       45     411     410      22     1.05468e-005     29     1    5561      56930     3004     640     227     227
24      963       814       0       41     379     401      22     2.6233e-005     27     2    5188      55171     2764     616     229     229
25      935       790       0       39     379     372      22     5.97427e-005     31     2    5191      50963     2788     599     231     231
26      983       753       0       34     352     365      22     1.07087e-005     32     3    4265      54667     2599     599     229     229
27      1061       722       0       37     326     360      22     6.47734e-006     29     0    4491      58451     2389     600     227     227
28      910       701       0       29     316     344      22     1.11393e-005     29     0    3296      45166     2300     575     223     223
29      731       677       0       29     296     334      22     3.75717e-006     27     0    2960      32319     2152     446     232     232
30      787       650       0       34     273     338      22     3.2698e-006     26     0    3254      40215     1965     447     232     232
31      726       605       0       26     268     307      22     5.40789e-006     25     1    2314      35798     1929     408     229     229
32      825       562       0       38     248     292      22     7.8036e-006     24     1    3321      48893     1782     370     233     233
33      734       535       0       36     235     284      22     2.19164e-005     24     2    2839      41496     1688     363     230     230
34      669       524       0       40     220     267      22     4.26017e-005     28     5    3069      26069     1575     350     231     231
35      627       502       0       39     210     253      22     6.37842e-005     37     11    3080      30203     1492     371     223     223
36      784       489       0       42     204     228      22     4.58001e-005     39     9    3019      33878     1463     355     227     227
37      649       463       0       38     201     220      22     5.24056e-005     41     7    2642      20773     1464     347     231     231
38      812       455       0       40     190     215      22     4.93498e-005     45     7    2630      35804     1390     367     232     232
39      657       441       0       52     191     213      22     3.82927e-005     48     9    3751      18887     1395     408     233     233
40      789       426       0       52     198     197      22     8.93901e-005     53     14    3690      27005     1458     389     233     233
41      737       423       0       56     197     187      22     7.04274e-005     55     17    3304      19923     1427     388     232     232
42      790       413       0       68     203     172      22     5.42007e-005     56     15    3992      30214     1465     353     232     232
43      648       388       0       62     204     165      22     2.85769e-005     52     14    3398      21946     1494     310     228     228
44      698       383       0       54     190     172      22     3.98364e-005     50     11    3022      23314     1424     329     229     229
45      684       396       0       55     184     165      22     4.10728e-005     53     11    3252      22546     1393     354     227     227
46      726       398       0       63     173     162      22     5.59184e-005     54     8    3751      21354     1336     331     222     222
47      732       400       0       42     203     147      22     3.61321e-005     64     17    2363      19150     1588     347     218     218
48      1040       395       0       61     193     145      22     6.55302e-005     66     15    3382      35580     1521     340     216     216
49      884       394       0       61     189     134      22     3.79453e-005     72     16    3253      24318     1504     310     221     221
50      850       395       0       71     186     145      22     1.57766e-005     70     16    3483      25854     1450     320     216     216
51      843       388       0       73     182     151      22     2.75429e-005     67     17    3477      28947     1401     319     219     219
52      900       395       0       73     183     149      22     2.59361e-005     62     14    3710      33886     1407     286     219     219
53      629       394       0       63     184     149      22     3.15488e-005     62     16    3076      14475     1379     261     213     213
54      423       383       0       54     188     145      22     2.27686e-005     59     19    2473      9639     1396     255     212     212
55      696       371       0       55     176     152      22     2.07715e-005     60     19    2418      25952     1290     291     218     218
56      728       373       0       68     180     149      22     2.67453e-005     64     21    2920      21274     1327     295     219     219
57      702       370       0       59     169     156      22     1.41279e-005     61     20    2551      20166     1212     299     217     217
58      582       365       0       52     178     153      22     4.55505e-005     62     20    2288      15188     1279     294     217     217
59      926       372       0       57     186     149      22     4.3859e-005     64     20    2697      32634     1331     310     213     213
60      672       368       0       56     185     148      22     4.15754e-005     61     21    2380      20214     1292     321     213     213
61      684       368       0       61     168     144      22     4.77005e-005     65     21    2945      21886     1163     306     218     218
62      638       371       0       64     179     143      22     3.76843e-005     63     20    2871      17404     1259     275     214     214
63      634       375       0       48     175     144      22     1.61505e-005     60     20    1927      26564     1227     246     213     213
64      598       371       0       49     179     131      22     1.5692e-005     56     18    2201      18470     1254     200     214     214
65      555       358       0       46     173     132      22     1.0411e-005     56     18    2049      17095     1223     197     214     214
66      609       339       0       48     153     131      22     7.84862e-006     56     16    2148      19817     1082     199     213     213
67      391       336       0       38     150     138      22     7.32715e-006     53     17    1528      10171     1063     201     223     223
68      399       321       0       39     144     132      22     9.06364e-006     50     18    1642      11121     1028     183     221     221
69      433       303       0       41     130     129      22     3.81545e-006     53     20    1684      12621     933     216     222     222
70      590       296       0       54     125     128      22     2.86872e-006     52     17    2176      16472     899     216     218     218
71      545       309       0       54     133     121      22     3.61221e-006     51     16    2112      14123     950     202     221     221
72      444       307       0       61     133     117      22     2.42463e-006     48     17    2416      10770     936     175     222     222
73      439       292       0       64     133     108      22     3.27223e-006     44     14    2237      13459     935     162     221     221
74      453       288       0       55     133     100      22     6.47298e-006     45     14    1795      14013     932     157     222     222
75      440       283       0       62     128     93      22     1.10614e-005     45     14    2185      14988     876     146     225     225
76      250       275       0       50     124     94      22     1.32018e-005     42     16    1793      6422     855     132     230     230
77      403       261       0       44     122     89      22     9.0977e-006     43     17    1529      11911     840     137     229     229
78      404       259       0       44     122     91      22     1.76817e-005     40     14    1468      10726     831     128     231     231
79      342       255       0       43     121     93      22     2.47471e-005     42     16    1417      7104     829     135     233     233
80      282       256       0       46     113     92      22     3.49966e-005     44     20    1489      5130     782     143     237     237
81      328       251       0       38     114     92      22     4.49529e-005     47     23    1143      8540     784     147     237     237
82      429       245       0       35     114     88      22     4.51881e-005     48     22    1065      12065     783     152     232     232
83      346       241       0       41     115     78      22     4.51847e-005     53     27    1271      9152     792     143     231     231
84      332       236       0       42     113     71      22     1.63099e-005     55     30    1319      7200     786     124     234     234
85      227       220       0       40     107     70      22     8.8769e-006     56     31    1134      4341     743     140     234     234
86      322       229       0       38     109     67      22     3.82537e-006     55     29    1129      7514     770     126     230     230
87      299       217       0       33     103     74      22     4.52243e-006     53     26    916      5885     731     137     229     229
88      376       210       0       33     100     68      22     2.76527e-006     49     22    849      10254     700     125     226     226
89      307       204       0       26     93     69      22     5.05274e-007     48     21    634      5773     661     121     226     226
90      360       211       0       34     84     68      22     1.40124e-006     47     19    875      8502     611     122     225     225
91      454       212       0       49     75     74      22     1.23908e-006     44     17    1426      16232     557     133     225     225
92      483       205       0       49     74     77      22     2.12048e-006     39     14    1388      16791     535     135     226     226
93      293       201       0       38     73     75      22     2.2069e-006     37     15    991      7245     517     128     229     229
94      344       195       0       48     73     69      22     4.52447e-006     37     13    1397      9866     509     117     230     230
95      336       185       0       44     72     69      22     5.28775e-006     34     10    1242      9168     505     115     232     232
96      305       185       0       41     74     58      22     2.02044e-006     36     10    1080      6621     520     96     231     231
97      244       174       0       39     67     62      22     1.22541e-006     39     13    939      4362     472     110     229     229
98      219       172       0       34     64     58      22     1.022e-006     33     13    824      7457     462     81     233     233
99      246       167       0       34     55     59      22     1.69314e-006     31     12    769      6074     398     75     235     235
100      234       166       0       41     57     54      22     2.1324e-006     30     11    881      4906     415     63     238     238
101      320       164       0       44     57     51      22     1.63784e-006     28     9    1001      11934     417     60     243     243
102      246       166       0       45     60     47      22     1.0176e-006     26     6    957      5442     441     58     246     246
103      196       156       0       45     56     51      22     3.02619e-006     25     5    951      4682     417     63     240     240
104      169       148       0       45     55     54      22     1.68264e-006     25     6    908      3631     408     63     239     239
105      172       136       0       41     52     56      22     1.08295e-006     25     9    762      4098     392     74     239     239
106      222       124       0       46     49     55      22     2.00686e-006     28     10    805      4410     365     69     241     241
107      180       120       0       44     46     53      22     8.85412e-007     27     10    751      2856     345     69     238     238
108      187       117       0       40     47     47      22     5.7985e-006     27     9    659      3763     347     63     236     236
109      225       111       0       39     47     48      22     7.96979e-006     27     8    563      4537     346     61     235     235
110      285       109       0       40     47     50      22     7.20677e-006     29     7    584      8659     348     80     238     238
111      198       110       0       38     38     51      22     2.18241e-006     28     6    576      3080     285     69     239     239
112      240       114       0       37     39     42      22     1.21337e-006     26     5    660      7748     284     57     236     236
113      222       113       0       34     41     41      22     1.21743e-006     27     6    635      4112     305     63     233     233
114      201       119       0       36     39     39      22     1.92654e-006     26     6    752      4073     297     54     233     233
115      173       111       0       32     41     39      22     2.19815e-006     25     7    589      2705     311     49     237     237
116      134       104       0       35     36     41      22     2.23001e-006     25     9    617      2362     264     53     237     237
117      121       100       0       34     36     36      22     1.647e-006     24     10    539      2465     261     39     238     238
118      72       93       0       30     32     31      22     1.88564e-006     24     11    453      612     232     41     235     235
119      95       86       0       26     32     29      22     1.57851e-006     23     9    345      1363     236     38     228     228
120      86       81       0       28     29     25      22     5.75746e-007     22     8    341      1304     217     33     231     231
121      131       76       0       28     24     26      22     9.27693e-007     20     7    359      2737     183     29     231     231
122      108       74       0       23     18     26      22     1.43272e-006     17     8    297      3322     135     30     230     230
123      104       77       0       25     18     25      22     1.42696e-006     16     7    396      2220     142     28     232     232
124      120       75       0       24     21     20      22     5.75187e-007     15     5    381      1984     171     24     231     231
125      77       70       0       16     23     19      22     2.00024e-006     15     5    224      1079     187     21     232     232
126      35       70       0       20     22     16      22     5.96185e-007     14     5    263      211     177     17     234     234
127      48       67       0       19     21     16      22     2.22872e-007     14     6    226      486     172     18     232     232
128      74       61       0       17     22     14      22     1.98405e-007     13     5    172      2044     174     15     230     230
129      23       59       0       19     20     15      22     1.96431e-007     13     7    181      131     166     17     223     223
130      40       58       0       20     19     16      22     5.01229e-007     13     7    199      510     160     17     229     229
131      60       58       0       23     19     18      22     4.91235e-007     10     5    198      1304     160     18     229     229
132      24       55       0       21     16     18      22     3.12336e-007     10     5    162      172     134     19     228     228
133      28       56       0       18     13     20      22     1.04028e-006     10     5    138      302     108     19     229     229
134      61       54       0       17     9     22      22     1.92024e-006     9     4    130      1235     68     22     230     230
135      19       56       0       14     9     17      22     2.29948e-006     7     4    111      155     67     15     234     234
136      49       53       0       15     8     15      22     1.77896e-006     7     3    125      917     63     18     231     231
137      61       53       0       14     9     13      22     1.54101e-006     8     3    123      931     69     16     235     235
138      22       52       0       14     7     12      22     6.77862e-006     8     4    132      132     57     13     236     236
139      31       45       0       16     4     13      22     6.63009e-006     9     5    118      519     29     16     233     233
140      54       45       0       16     6     12      22     7.74816e-006     9     4    105      1546     45     15     232     232
141      23       42       0       13     7     10      22     5.52173e-006     8     4    82      215     51     9     231     231
142      73       41       0       13     7     8      22     7.31746e-006     7     2    83      2559     52     8     233     233
143      24       38       0       12     6     8      22     1.15565e-005     6     2    76      206     45     7     235     235
144      10       34       0       11     5     9      22     6.82188e-006     7     3    74      36     39     9     225     225
145      17       31       0       12     5     8      22     3.9647e-006     6     2    63      139     39     7     222     222
146      53       33       0       9     8     8      22     5.94405e-006     6     2    47      2055     60     8     222     222
147      37       32       0       11     5     11      22     1.74398e-005     7     3    55      601     41     12     228     228
148      34       28       0       13     6     9      22     2.63252e-005     12     8    56      426     50     11     225     225
149      67       30       0       11     5     9      22     3.44975e-005     15     9    54      1331     41     14     225     225
150      48       31       0       16     4     8      22     1.11493e-005     18     11    80      474     34     12     221     221
151      38       30       0       17     3     7      22     3.48431e-005     21     14    93      278     25     14     226     226
152      55       33       0       18     3     6      22     6.75615e-005     28     19    113      515     25     13     226     226
153      40       31       0       15     4     5      22     3.21339e-005     29     21    102      474     32     10     228     228
154      55       29       0       15     5     4      22     4.06813e-005     33     26    87      1319     40     6     229     229
155      39       28       0       15     6     2      22     3.10851e-005     36     28    93      317     45     2     226     226
156      17       28       0       12     7     2      22     3.61644e-005     40     35    90      67     54     2     232     232
157      11       26       0       11     8     2      22     4.29035e-005     49     45    78      35     60     2     231     231
158      57       24       0       10     8     1      22     2.44602e-005     48     43    69      1411     57     1     228     228
159      21       24       0       12     7     1      22     2.42318e-005     50     46    71      183     52     1     233     233
160      14       24       0       10     4     3      22     3.65706e-005     48     46    60      98     28     2     229     229
161      7       23       0       11     4     1      22     1.7064e-005     47     45    55      25     28     1     227     227
162      37       20       0       9     6     0      22     5.01715e-006     45     43    36      1297     42     0     231     231
163      12       20       0       8     6     0      22     1.36573e-005     44     42    33      122     42     0     229     229
164      7       17       0       7     6     0      22     1.75117e-005     44     42    20      37     42     0     227     227
165      5       16       0       6     6     0      22     9.18256e-006     44     42    16      17     42     0     224     224
166      4       15       0       6     6     0      22     8.68484e-006     43     41    16      10     42     0     221     221
167      1       15       0       6     5     1      22     8.57196e-006     43     42    16      1     34     2     221     221
168      1       15       0       5     4     1      22     1.19301e-005     44     43    10      1     26     3     218     218
169      21       14       0       4     2     2      22     8.52767e-006     45     44    8      441     14     6     219     219
170      8       14       0       5     1     3      22     2.91309e-006     42     41    12      64     6     7     227     227
171      35       12       0       6     1     3      22     1.35783e-006     42     40    13      1033     6     7     224     224
172      11       16       0       5     1     3      22     1.89499e-006     35     33    12      85     6     7     225     225
173      25       14       0       5     1     2      22     2.30222e-006     33     31    12      373     6     4     226     226
174      11       14       0       5     1     2      22     2.29311e-006     32     30    12      61     6     4     228     228
175      5       14       0       4     1     2      22     2.80912e-006     32     30    11      17     6     4     230     230
176      2       14       0       3     1     2      22     2.20705e-006     31     30    8      4     6     4     235     235
177      2       13       0       2     1     2      22     4.90651e-006     29     28    4      4     6     3     230     230
178      1       13       0       2     1     2      22     2.71367e-006     29     28    4      1     6     3     232     232
179      13       13       0       5     1     2      22     3.83127e-006     30     29    14      169     6     3     232     232
180      5       13       0       3     1     2      22     2.51975e-006     30     29    8      25     6     3     234     234
181      17       13       0       5     1     2      22     1.67868e-006     28     26    14      205     6     3     237     237
182      9       13       0       9     1     2      22     1.48656e-006     26     24    26      53     6     3     230     230
183      6       13       0       10     1     2      22     2.01716e-006     26     24    29      20     6     3     224     224
184      4       12       0       10     1     1      22     8.95571e-007     24     22    25      10     6     2     225     225
185      4       10       0       8     0     2      22     9.50012e-007     24     22    12      10     0     4     225     225
186      1       10       0       5     0     2      22     5.65489e-007     25     24    7      1     0     4     230     230
187      1       10       0       5     0     2      22     3.82132e-007     23     22    7      1     0     4     225     225
188      1       9       0       5     0     1      22     2.25192e-007     24     23    7      1     0     2     214     214
189      0       8       0       6     0     1      22     8.51879e-008     23     23    4      0     0     1     218     218
190      0       7       0       5     0     1      22     9.02077e-008     22     22    2      0     0     1     214     214
191      0       6       0       5     0     0      22     1.37056e-007     20     20    2      0     0     0     216     216
192      0       6       0       5     0     0      22     7.17006e-008     19     19    2      0     0     0     219     219
193      0       6       0       3     0     0      22     4.15228e-008     19     19    2      0     0     0     217     217
194      0       6       0       3     0     0      22     2.53523e-008     18     18    2      0     0     0     218     218
195      0       6       0       3     0     0      22     3.57569e-008     18     18    2      0     0     0     217     217
196      0       6       0       3     0     0      22     2.34194e-008     17     17    2      0     0     0     213     213
197      0       6       0       3     0     0      22     3.60007e-008     17     17    2      0     0     0     216     216
198      0       6       0       3     0     0      22     3.46453e-008     15     15    2      0     0     0     217     217
199      0       4       0       3     0     0      22     3.55994e-008     14     14    2      0     0     0     218     218
200      0       4       0       3     0     0      22     7.33365e-008     13     13    2      0     0     0     214     214
201      0       4       0       3     0     0      22     1.69501e-007     12     12    2      0     0     0     209     209
202      0       4       0       2     1     0      22     1.54094e-007     12     12    0      0     7     0     212     212
203      0       4       0       2     1     0      22     7.07301e-008     12     12    0      0     7     0     213     213
204      0       4       0       1     0     0      22     6.28995e-008     12     12    0      0     0     0     216     216
205      0       2       0       1     0     0      22     4.69731e-008     11     11    0      0     0     0     215     215
206      0       2       0       1     0     0      22     6.89769e-008     10     10    0      0     0     0     218     218
207      0       2       0       1     0     0      22     7.42078e-008     10     10    0      0     0     0     220     220
208      0       2       0       1     0     0      22     5.80164e-008     10     10    0      0     0     0     213     213
209      0       2       0       1     0     0      22     4.12589e-008     10     10    0      0     0     0     214     214
210      0       2       0       1     0     0      22     1.03058e-007     9     9    0      0     0     0     214     214
211      0       1       0       1     0     0      22     8.36187e-008     8     8    0      0     0     0     214     214
212      0       1       0       1     0     0      22     9.61386e-008     8     8    0      0     0     0     213     213
213      0       1       0       1     0     0      22     5.63679e-008     8     8    0      0     0     0     214     214
214      0       1       0       1     0     0      22     5.48532e-008     7     7    0      0     0     0     213     213
215      0       1       0       1     0     0      22     4.55575e-008     7     7    0      0     0     0     215     215
216      0       1       0       1     0     0      22     5.80727e-008     6     6    0      0     0     0     217     217
217      0       1       0       1     0     0      22     3.8473e-008     6     6    0      0     0     0     216     216
218      0       1       0       1     0     0      22     3.65488e-008     6     6    0      0     0     0     216     216
219      0       1       0       0     0     0      22     6.44766e-008     6     6    0      0     0     0     216     216
220      0       1       0       0     0     0      22     2.05819e-007     6     6    0      0     0     0     221     221
221      0       1       0       0     0     0      22     2.8638e-007     6     6    0      0     0     0     225     225
222      0       0       0       0     0     0      22     2.76419e-007     5     5    0      0     0     0     226     226
223      0       0       0       0     0     0      22     1.97599e-007     5     5    0      0     0     0     228     228
224      0       0       0       0     0     0      22     5.3775e-007     5     5    0      0     0     0     228     228
225      0       0       0       0     0     0      22     1.16373e-006     6     6    0      0     0     0     226     226
226      0       0       0       0     0     0      22     1.90913e-006     6     6    0      0     0     0     225     225
227      0       0       0       0     0     0      22     1.41688e-006     6     6    0      0     0     0     224     224
228      0       0       0       0     0     0      22     1.21222e-006     6     6    0      0     0     0     227     227
229      0       0       0       0     0     0      22     2.08581e-007     5     5    0      0     0     0     226     226
230      0       0       0       0     0     0      22     1.68345e-007     5     5    0      0     0     0     227     227
231      0       0       0       0     0     0      22     1.06643e-007     5     5    0      0     0     0     230     230
232      0       0       0       0     0     0      22     2.68009e-008     5     5    0      0     0     0     229     229
233      0       0       0       0     0     0      22     5.29614e-008     5     5    0      0     0     0     232     232
234      0       0       0       0     0     0      22     5.98556e-008     4     4    0      0     0     0     232     232
235      0       0       0       0     0     0      22     1.90521e-007     4     4    0      0     0     0     234     234
236      0       0       0       0     0     0      22     7.24857e-008     4     4    0      0     0     0     233     233
237      0       0       0       0     0     0      22     1.25827e-007     4     4    0      0     0     0     230     230
238      0       0       0       0     0     0      22     7.12019e-008     4     4    0      0     0     0     235     235
239      0       0       0       0     0     0      22     1.27863e-007     3     3    0      0     0     0     233     233
240      0       0       0       0     0     0      22     7.13038e-007     3     3    0      0     0     0     230     230
241      0       0       0       0     0     0      22     4.59056e-007     3     3    0      0     0     0     223     223
242      0       0       0       0     0     0      22     9.70235e-007     3     3    0      0     0     0     222     222
243      0       0       0       0     0     0      22     8.31584e-007     3     3    0      0     0     0     221     221
244      0       0       0       0     0     0      22     2.83421e-007     3     3    0      0     0     0     219     219
245      0       0       0       0     0     0      22     1.25126e-007     3     3    0      0     0     0     226     226
246      0       0       0       0     0     0      22     1.86171e-007     2     2    0      0     0     0     224     224
247      0       0       0       0     0     0      22     1.12839e-007     2     2    0      0     0     0     224     224
248      0       0       0       0     0     0      22     6.34512e-008     2     2    0      0     0     0     224     224
249      0       0       0       0     0     0      22     1.66884e-007     2     2    0      0     0     0     224     224
250      0       0       0       0     0     0      22     1.37809e-007     2     2    0      0     0     0     222     222
251      0       0       0       0     0     0      22     1.41759e-007     2     2    0      0     0     0     217     217
252      0       0       0       0     0     0      22     1.33299e-007     2     2    0      0     0     0     218     218
253      0       0       0       0     0     0      22     1.06466e-007     2     2    0      0     0     0     223     223
254      0       0       0       0     0     0      22     1.34613e-007     2     2    0      0     0     0     227     227
255      0       0       0       0     0     0      22     4.22676e-008     2     2    0      0     0     0     223     223
256      0       0       0       0     0     0      22     1.87749e-008     2     2    0      0     0     0     222     222
257      0       0       0       0     0     0      22     2.08235e-008     2     2    0      0     0     0     223     223
258      0       0       0       0     0     0      22     3.4471e-008     2     2    0      0     0     0     227     227
259      0       0       0       0     0     0      22     2.74331e-008     1     1    0      0     0     0     224     224
260      0       0       0       0     0     0      22     2.13317e-008     1     1    0      0     0     0     224     224
261      0       0       0       0     0     0      22     1.41399e-008     1     1    0      0     0     0     223     223
262      0       0       0       0     0     0      22     8.673e-009     1     1    0      0     0     0     226     226
263      0       0       0       0     0     0      22     3.0399e-009     1     1    0      0     0     0     225     225
264      0       0       0       0     0     0      22     2.81218e-009     1     1    0      0     0     0     224     224
265      0       0       0       0     0     0      22     4.27355e-009     1     1    0      0     0     0     222     222
266      0       0       0       0     0     0      22     3.32199e-009     1     1    0      0     0     0     220     220
267      0       0       0       0     0     0      22     3.22135e-009     1     1    0      0     0     0     223     223
268      0       0       0       0     0     0      22     1.68244e-009     1     1    0      0     0     0     220     220
269      0       0       0       0     0     0      22     3.05061e-009     1     1    0      0     0     0     222     222
270      0       0       0       0     0     0      22     3.17424e-009     1     1    0      0     0     0     224     224
271      0       0       0       0     0     0      22     2.3005e-009     0     0    0      0     0     0     228     228
272      0       0       0       0     0     0      22     5.68885e-009     0     0    0      0     0     0     229     229
273      0       0       0       0     0     0      22     1.10708e-008     0     0    0      0     0     0     228     228
274      0       0       0       0     0     0      22     2.97102e-008     0     0    0      0     0     0     229     229
275      0       0       0       0     0     0      22     5.09415e-008     0     0    0      0     0     0     233     233
276      0       0       0       0     0     0      22     3.71394e-008     0     0    0      0     0     0     236     236
277      0       0       0       0     0     0      22     4.05001e-008     0     0    0      0     0     0     238     238
278      0       0       0       0     0     0      22     2.9455e-008     0     0    0      0     0     0     239     239
279      0       0       0       0     0     0      22     2.72494e-008     0     0    0      0     0     0     245     245
280      0       0       0       0     0     0      22     3.22497e-008     0     0    0      0     0     0     246     246
281      0       0       0       0     0     0      22     4.08598e-008     0     0    0      0     0     0     244     244
282      0       0       0       0     0     0      22     1.52333e-007     0     0    0      0     0     0     248     248
283      0       0       0       0     0     0      22     1.25794e-007     0     0    0      0     0     0     250     250
284      0       0       0       0     0     0      22     1.25845e-007     0     0    0      0     0     0     254     254
285      0       0       0       0     0     0      22     3.74264e-008     0     0    0      0     0     0     254     254
286      0       0       0       0     0     0      22     2.62536e-008     0     0    0      0     0     0     253     253
287      0       0       0       0     0     0      22     2.19775e-008     0     0    0      0     0     0     250     250
288      0       0       0       0     0     0      22     1.72212e-008     0     0    0      0     0     0     250     250
289      0       0       0       0     0     0      22     2.48326e-008     0     0    0      0     0     0     248     248
290      0       0       0       0     0     0      22     1.51099e-008     0     0    0      0     0     0     245     245
291      0       0       0       0     0     0      22     2.26125e-008     0     0    0      0     0     0     247     247
292      0       0       0       0     0     0      22     9.39621e-008     0     0    0      0     0     0     250     250
293      0       0       0       0     0     0      22     7.22605e-008     0     0    0      0     0     0     241     241
294      0       0       0       0     0     0      22     4.1947e-008     0     0    0      0     0     0     241     241
295      0       0       0       0     0     0      22     3.23187e-008     0     0    0      0     0     0     239     239
296      0       0       0       0     0     0      22     2.81858e-008     0     0    0      0     0     0     242     242
297      0       0       0       0     0     0      22     2.01662e-008     0     0    0      0     0     0     240     240
298      0       0       0       0     0     0      22     9.32957e-009     0     0    0      0     0     0     236     236
299      0       0       0       0     0     0      22     1.69684e-008     0     0    0      0     0     0     238     238
