0      10000       1964       0       36     1000     1000      22     0.0001     225     0    7883      454690     7064     7387     225     225
1      9050       2224       0       169     1166     988      22     0.0001     227     8    50125      612196     8456     7125     228     228
2      8865       2442       0       166     1502     901      22     0.0001     231     3    54601      579233     11369     6573     233     233
3      8004       2580       0       119     1762     827      22     0.0001     223     3    41366      501210     13874     5727     232     232
4      7467       2698       0       99     1914     783      22     0.0001     223     9    35900      434001     15210     5517     228     228
5      7471       2773       0       105     1990     791      22     0.0001     217     9    39834      438515     15878     5334     227     227
6      7427       2860       0       87     2069     773      22     0.0001     215     14    34980      445041     16555     5263     229     229
7      7331       2925       0       72     2151     776      22     0.0001     218     21    30344      434039     17349     5309     229     229
8      7896       3027       0       94     2143     801      22     0.0001     222     22    40079      495786     17313     5535     228     228
9      7564       3131       0       103     2169     816      22     0.0001     227     24    42164      459866     17474     5826     230     230
10      7351       3190       0       79     2224     847      22     0.0001     227     27    35945      451175     17933     6093     228     228
11      7505       3223       0       75     2243     862      22     0.0001     222     28    32830      454907     18190     5896     229     229
12      7663       3254       0       79     2303     847      22     0.0001     225     25    36489      480353     18744     5882     230     230
13      7824       3291       0       86     2283     924      22     0.0001     229     30    40992      490032     18503     6578     231     231
14      7688       3330       0       85     2339     901      22     0.0001     226     30    37514      485132     19124     6131     232     232
15      7571       3367       0       89     2400     930      22     0.0001     220     29    42419      460445     19698     6029     236     236
