0      10000       2016       0       0     984     1000      22     0.0001     225     0    0      454050     6442     7258     225     225
1      9518       2273       0       160     1154     962      22     9.86457e-005     226     3    45908      706326     8051     7365     224     224
2      9001       2451       0       136     1454     890      22     9.56978e-005     221     4    43362      617491     10620     6512     217     217
3      7520       2596       0       113     1760     780      22     9.40444e-005     226     5    36766      437356     13277     5813     216     216
4      7045       2685       0       116     1896     728      22     9.15942e-005     218     3    40436      401471     14483     5315     218     218
5      5869       2710       0       77     1959     724      22     9.14962e-005     208     8    26718      300269     15073     4923     221     221
6      6761       2718       0       83     2004     727      22     9.23991e-005     211     13    29361      402263     15619     4893     218     218
7      6998       2795       0       104     2045     736      22     8.98287e-005     216     14    36937      421236     16093     5123     215     215
8      7057       2861       0       86     2112     755      22     8.81232e-005     218     11    32692      414879     16697     5243     215     215
9      6703       2904       0       93     2150     746      22     8.9965e-005     208     10    36936      392937     17242     5245     212     212
10      7188       2948       0       97     2213     748      22     8.91565e-005     208     16    40063      431184     17916     5501     213     213
11      6725       2987       0       81     2215     793      22     9.14688e-005     202     17    31516      406393     18077     5645     213     213
12      6827       3017       0       74     2192     860      22     8.87604e-005     201     22    31461      450065     18029     6106     211     211
13      7450       3066       0       81     2226     852      22     9.00158e-005     207     25    36197      514172     18359     6280     213     213
14      7606       3107       0       97     2293     867      22     8.97211e-005     208     26    41423      489944     19015     6288     214     214
15      8234       3172       0       93     2337     895      22     9.1545e-005     205     24    38766      570230     19437     6760     217     217
16      8524       3285       0       99     2409     890      22     8.98579e-005     207     18    47230      618928     20150     6916     220     220
17      7612       3341       0       82     2494     892      22     9.05807e-005     211     23    37678      469574     20873     6869     217     217
18      7697       3356       0       87     2543     881      22     8.89465e-005     212     23    39073      512357     21415     6901     214     214
19      8021       3407       0       77     2558     900      22     8.99408e-005     209     21    33948      545435     21675     7182     213     213
20      7603       3478       0       82     2560     895      22     8.95334e-005     205     21    36294      494581     21677     6781     215     215
21      7989       3493       0       87     2553     953      22     8.97615e-005     210     19    38853      571835     21510     7355     215     215
22      7709       3517       0       76     2606     934      22     8.90519e-005     205     19    38484      541893     22105     6760     217     217
