0      10000       1999       0       1     1000     1000      22     0.0001     225     0    211      454160     7131     6791     225     225
1      9053       2242       0       176     1156     984      22     0.0001     231     5    48554      539113     8501     6859     221     221
2      8455       2478       0       168     1483     923      22     0.0001     230     10    52844      509421     11360     6313     223     223
3      8136       2641       0       144     1740     850      22     0.0001     229     11    48694      464404     13658     5691     223     223
4      7545       2748       0       109     1946     802      22     0.0001     231     11    38289      403693     15540     5176     224     224
5      7281       2864       0       90     2060     799      22     0.0001     233     16    33364      371553     16640     5241     224     224
6      7240       2952       0       101     2133     786      22     0.0001     226     10    38103      391656     17334     5109     218     218
7      7039       3049       0       107     2222     807      22     0.0001     216     14    42715      386423     18194     5043     216     216
8      6833       3075       0       86     2258     833      22     0.0001     205     10    34320      376721     18409     4986     217     217
9      6599       3114       0       68     2265     874      22     0.0001     204     15    25740      378425     18504     5014     216     216
10      7322       3074       0       89     2219     932      22     0.0001     211     16    36460      472086     18132     5540     215     215
11      7243       3107       0       95     2212     972      22     0.0001     212     19    37908      433047     18120     5694     211     211
12      7326       3114       0       90     2240     1006      22     0.0001     219     22    37467      437276     18397     6030     209     209
13      7605       3174       0       90     2246     1011      22     0.0001     220     19    37950      445099     18498     5946     212     212
14      7812       3282       0       84     2323     980      22     0.0001     220     18    34595      472534     19255     5808     209     209
15      7243       3301       0       77     2301     1004      22     0.0001     218     20    36711      428277     19096     5670     206     206
16      7486       3345       0       75     2312     1027      22     0.0001     222     24    33931      452334     19114     5989     211     211
17      8007       3412       0       99     2381     1021      22     0.0001     223     25    44514      485449     19744     6134     211     211
18      7508       3452       0       79     2443     1056      22     0.0001     220     28    36340      482226     20214     6259     219     219
19      7592       3477       0       76     2410     1051      22     0.0001     218     25    34416      494740     19939     6141     227     227
20      7955       3516       0       76     2443     1031      22     0.0001     223     33    36198      527089     20314     6172     227     227
21      8056       3548       0       86     2476     1009      22     0.0001     233     28    40587      513936     20556     6312     229     229
22      7782       3570       0       78     2501     1016      22     0.0001     231     25    36772      466656     20777     6401     225     225
23      8225       3658       0       88     2474     1031      22     0.0001     229     21    39041      512281     20463     6414     225     225
24      8238       3710       0       87     2528     1036      22     0.0001     232     22    43767      512420     20924     6536     219     219
25      8148       3760       0       78     2527     1034      22     0.0001     226     18    35636      524498     20948     6214     223     223
26      7797       3734       0       85     2528     1073      22     0.0001     228     22    43086      499503     20974     6525     222     222
27      8658       3771       0       81     2538     1100      22     0.0001     225     22    40929      585792     20975     6992     221     221
28      8323       3857       0       85     2652     1085      22     0.0001     222     16    42392      542761     21941     6881     228     228
29      8435       3903       0       70     2704     1116      22     0.0001     221     19    37685      559053     22353     6923     227     227
30      8386       3925       0       84     2718     1132      22     0.0001     211     19    43862      579086     22426     6848     220     220
31      8542       3975       0       91     2732     1159      22     0.0001     218     24    47816      612400     22454     7201     223     223
32      7930       3989       0       77     2701     1178      22     0.0001     218     21    42159      519962     22263     7216     225     225
33      8714       3992       0       79     2667     1216      22     0.0001     215     22    44307      644176     22036     7523     227     227
34      8633       3965       0       61     2705     1246      22     0.0001     213     20    32999      614509     22487     7885     221     221
35      9334       4012       0       90     2700     1223      22     0.0001     218     23    49411      682430     22467     7759     221     221
36      8614       4043       0       76     2762     1188      22     0.0001     222     19    40351      564722     23033     8059     223     223
37      9046       4087       0       76     2792     1183      22     0.0001     220     17    38505      624492     23142     7849     221     221
38      8814       4100       0       89     2782     1179      22     0.0001     212     17    45537      584922     23030     7585     225     225
39      9323       4129       0       96     2854     1177      22     0.0001     220     17    52219      665787     23614     8028     222     222
40      9111       4135       0       73     2899     1160      22     0.0001     216     15    40574      638603     24043     7943     227     227
41      9598       4211       0       74     2988     1145      22     0.0001     230     20    45858      682576     24783     8512     230     230
42      9574       4357       0       73     3055     1136      22     0.0001     232     18    48850      659916     25553     8514     230     230
