0      10000       1935       0       65     1000     1000      22     0.0001     225     0    15128      453226     7516     8277     225     225
1      9048       2282       0       179     1227     972      22     9.84262e-005     216     3    53546      630386     9465     7263     226     226
2      7945       2462       0       126     1535     883      22     9.86825e-005     216     7    40841      478967     12147     6490     223     223
3      7662       2621       0       115     1802     804      22     9.86078e-005     215     6    41505      450474     14486     5821     223     223
4      7059       2727       0       90     1946     769      22     9.88059e-005     210     10    31897      439303     15833     5348     218     218
5      6736       2836       0       96     2024     753      22     9.86601e-005     214     12    36773      375496     16453     5408     219     219
6      7080       2868       0       67     2014     813      22     9.8246e-005     202     11    27930      451044     16401     5526     218     218
7      7748       2968       0       96     2068     811      22     0.000100149     207     15    40558      530942     17040     5827     221     221
8      7531       3036       0       80     2171     805      22     0.000100757     206     13    34995      479711     18030     5831     212     212
9      7368       3057       0       85     2213     787      22     9.99901e-005     206     22    35719      455334     18549     5748     213     213
10      7931       3102       0       90     2268     798      22     0.000100057     216     23    39176      502391     18954     6277     216     216
11      7594       3193       0       85     2340     821      22     9.79265e-005     213     25    39381      525500     19666     6529     213     213
12      7902       3236       0       89     2373     834      22     9.54196e-005     216     23    40418      493842     20023     6786     212     212
13      8457       3361       0       97     2408     846      22     9.70922e-005     213     20    46815      555675     20358     6945     211     211
14      8965       3401       0       90     2452     854      22     9.6445e-005     209     18    44226      632611     20758     6838     216     216
15      7845       3445       0       78     2490     866      22     9.65132e-005     209     20    40930      499575     21087     6902     214     214
16      8487       3471       0       86     2511     908      22     9.68841e-005     214     17    46047      553579     21266     7321     211     211
17      8238       3529       0       79     2548     914      22     9.58057e-005     210     14    37804      517018     21545     7412     216     216
18      8013       3600       0       66     2617     901      22     9.56017e-005     199     13    37704      544457     22116     6957     218     218
19      7808       3659       0       84     2606     937      22     9.3366e-005     202     19    45697      513898     22037     7125     217     217
20      8740       3677       0       70     2677     944      22     9.48613e-005     202     16    32720      622930     22624     6973     218     218
21      8209       3740       0       82     2683     1019      22     9.45411e-005     199     16    45575      566647     22688     7249     217     217
22      8689       3799       0       86     2702     1036      22     9.29046e-005     209     20    57030      620101     22803     7888     216     216
23      8681       3863       0       81     2767     1042      22     9.18651e-005     212     18    49621      606709     23293     8149     217     217
24      8893       3904       0       70     2827     1077      22     9.05485e-005     211     22    37280      625895     23784     8546     221     221
25      8687       3918       0       68     2848     1110      22     9.23628e-005     203     17    42302      633241     23839     8175     220     220
26      9539       3983       0       86     2957     1064      22     9.21371e-005     206     15    51690      718887     24774     8153     222     222
27      8939       4066       0       82     3025     1054      22     9.29771e-005     203     13    51307      624999     25233     7833     227     227
28      8815       4084       0       67     3038     1065      22     9.2487e-005     200     13    44690      611871     25296     7901     223     223
29      8522       4135       0       65     3034     1110      22     9.12649e-005     200     13    45175      588384     25380     8209     226     226
30      8652       4151       0       63     3002     1101      22     9.08992e-005     191     11    37674      642316     25101     7814     230     230
31      8878       4195       0       71     2951     1142      22     8.96057e-005     191     11    46662      627754     24646     8353     232     232
32      9015       4187       0       59     2987     1150      22     9.01013e-005     197     13    35645      664031     24971     8250     231     231
33      8688       4214       0       59     2967     1147      22     8.97033e-005     190     13    37603      676634     24771     8096     229     229
34      8182       4185       0       67     2969     1191      22     8.87427e-005     189     11    42235      569556     24807     8460     226     226
35      8900       4230       0       80     2942     1239      22     9.0943e-005     193     16    49930      679322     24657     8662     230     230
36      9299       4201       0       58     3020     1233      22     9.1579e-005     194     17    36320      812441     25320     8826     230     230
37      9187       4192       0       74     3043     1219      22     9.30185e-005     193     23    45809      737835     25486     8429     227     227
38      8910       4134       0       70     3002     1246      22     9.33901e-005     189     22    48688      703844     25158     8490     228     228
39      8645       4148       0       79     3002     1270      22     9.38768e-005     185     18    48709      645899     25138     8381     228     228
