0      10000       2001       0       0     999     1000      22     0.0001     225     0    0      453762     7150     7514     225     225
1      10547       2268       0       172     1146     972      22     0.000196194     242     11    49867      745041     8399     7725     226     226
2      8965       2525       0       159     1531     881      22     9.51025e-005     249     12    54104      539343     11758     7087     229     229
3      8419       2688       0       125     1825     787      22     0.000183991     242     10    43693      477255     14324     5904     230     230
4      7361       2758       0       105     2021     751      22     3.50321e-005     245     9    37108      371823     15866     5401     231     231
5      7636       2851       0       86     2135     769      22     1.89319e-005     238     10    32273      448602     16807     5366     228     228
6      7406       2893       0       90     2144     803      22     6.87391e-005     230     12    35862      439440     16895     5568     225     225
7      7810       3009       0       81     2209     838      22     5.85458e-005     231     17    33532      477666     17450     5772     224     224
8      8201       3087       0       103     2236     844      22     0.000232001     230     21    45796      506717     17768     5683     221     221
9      9122       3168       0       95     2336     855      22     0.000129761     253     27    42431      593588     18612     6446     225     225
10      8684       3235       0       94     2410     832      22     0.000195467     268     37    42477      513886     19299     6661     220     220
11      9723       3349       0       106     2466     862      22     0.000170029     278     32    50889      587731     19838     7069     218     218
