0      10000       2016       0       0     984     1000      22     0.0001     225     0    0      455558     6899     8365     225     225
1      9094       2308       0       143     1215     940      22     2.58222e-005     224     1    43929      592316     8859     7488     228     228
2      8128       2512       0       127     1529     829      22     5.92755e-005     211     2    42759      503120     11638     6154     226     226
3      7433       2632       0       99     1745     765      22     9.76147e-005     205     4    35634      431721     13419     5284     229     229
4      7031       2697       0       99     1872     746      22     0.000111763     205     12    37642      451345     14513     4955     230     230
5      6643       2776       0       84     1926     778      22     9.10099e-005     205     12    32536      389445     15096     5183     231     231
6      6911       2840       0       102     2003     796      22     8.29645e-005     203     16    42007      429877     15821     5510     228     228
7      7035       2917       0       73     2090     778      22     0.000102065     203     19    33176      452101     16759     5438     228     228
8      7209       2933       0       73     2157     780      22     0.000122062     205     16    32529      448223     17413     5544     227     227
9      7668       3061       0       92     2175     836      22     0.000164029     211     28    40935      522446     17584     6153     231     231
10      6840       3108       0       83     2257     838      22     9.30231e-005     215     31    37428      417360     18303     5994     230     230
11      7157       3138       0       82     2287     818      22     5.8656e-005     218     28    37833      407713     18642     5994     236     236
12      7345       3234       0       72     2256     845      22     7.34554e-005     211     23    33372      452647     18450     5822     239     239
13      6858       3274       0       68     2302     853      22     5.8584e-005     205     25    31013      403872     18879     5790     238     238
14      6845       3347       0       86     2364     853      22     3.62219e-005     205     26    41419      396095     19451     5496     240     240
15      7099       3366       0       77     2332     912      22     4.49285e-005     200     20    36466      444115     19229     5804     238     238
16      7160       3406       0       68     2372     945      22     8.69879e-005     196     26    30170      471224     19603     6167     241     241
17      7199       3419       0       74     2414     971      22     6.59656e-005     195     20    35331      476323     19920     6203     240     240
18      7434       3455       0       70     2449     987      22     0.00013201     197     21    33633      470162     20226     6152     241     241
19      7038       3467       0       80     2433     1015      22     5.44905e-005     193     20    37477      450922     20098     6197     241     241
0      10000       1956       0       44     1000     1000      22     5.37326e-005     120     0    9914      842040     7166     3350     225     225
1      5056       2025       0       93     1034     978      22     9.30328e-005     119     1    24115      347120     7539     3515     232     232
2      4720       2090       0       84     1087     974      22     0.000119249     125     8    22522      318374     8102     3706     231     231
3      4797       2119       0       71     1128     936      22     8.80131e-005     131     12    19875      318065     8476     3584     234     234
4      4931       2155       0       70     1169     896      22     8.46302e-005     149     20    19550      287915     8909     4012     230     230
5      5024       2178       0       67     1260     824      22     0.000173439     159     21    19226      285030     9686     3816     227     227
6      5100       2212       0       83     1305     792      22     0.000122799     168     19    25020      273312     10153     3761     227     227
7      5370       2254       0       100     1374     776      22     8.90848e-005     174     19    29250      296854     10767     3834     227     227
8      5237       2298       0       80     1476     748      22     6.5881e-005     176     17    25038      282905     11638     3725     222     222
9      5081       2354       0       81     1492     735      22     7.85249e-005     169     17    22746      271253     11753     3315     223     223
10      5115       2390       0       84     1539     716      22     0.000132766     171     20    26962      277259     12132     3375     218     218
11      5652       2408       0       69     1537     767      22     0.000123298     170     17    22210      335190     12117     3576     219     219
12      5095       2426       0       67     1553     804      22     7.718e-005     172     18    21374      269471     12265     3741     221     221
13      5298       2424       0       76     1554     818      22     7.81162e-005     169     16    26055      303962     12314     3651     219     219
14      5407       2439       0       77     1582     785      22     0.000134128     166     13    26353      349267     12568     3390     219     219
15      4892       2425       0       87     1568     803      22     9.20921e-005     170     15    26969      259404     12360     3456     219     219
16      4786       2457       0       81     1557     803      22     8.74242e-005     169     12    26133      243450     12315     3449     220     220
17      4893       2464       0       68     1540     815      22     9.22482e-005     165     14    22010      252163     12224     3267     221     221
18      4925       2446       0       88     1554     816      22     9.33013e-005     171     13    27332      267849     12433     3514     221     221
19      5266       2440       0       73     1545     807      22     7.76521e-005     178     15    22787      280454     12398     3661     218     218
0      10000       2010       0       0     990     1000      22     6.71401e-005     151     0    0      670840     7144     4550     225     225
1      6063       2161       0       96     1029     1008      22     5.42125e-005     145     3    24680      397009     7481     4619     223     223
2      5689       2206       0       93     1122     981      22     9.9512e-005     146     8    25012      343579     8258     4418     230     230
3      5714       2287       0       90     1218     922      22     7.57731e-005     152     5    25230      333692     9021     4372     230     230
4      5226       2341       0       85     1296     868      22     0.000145445     157     10    24188      282758     9620     4074     229     229
5      5005       2343       0       88     1399     814      22     0.000135109     161     17    25616      267345     10507     3863     226     226
6      5064       2371       0       71     1456     779      22     0.000283665     167     16    20990      268162     10972     3671     231     231
7      5824       2412       0       96     1510     761      22     0.000121374     187     23    29386      312822     11441     4081     226     226
8      6308       2454       0       104     1620     745      22     0.00014926     192     16    31852      337094     12251     4227     225     225
9      6220       2526       0       101     1659     741      22     0.000168784     198     16    31728      335478     12612     4358     226     226
10      6097       2647       0       76     1726     721      22     9.68361e-005     202     13    26082      295423     13176     4230     225     225
11      6692       2712       0       89     1765     727      22     0.000112975     197     7    30719      375998     13468     4238     222     222
12      6150       2738       0       97     1808     708      22     9.61954e-005     199     6    34389      295206     13928     4102     219     219
13      6425       2766       0       88     1844     736      22     7.36478e-005     205     14    31389      334583     14192     4257     225     225
14      6459       2848       0       74     1937     717      22     8.73934e-005     202     10    27496      330427     14928     4173     231     231
15      6483       2888       0       84     1943     765      22     8.63143e-005     206     8    31040      328205     14987     4670     232     232
16      6930       2933       0       91     1943     796      22     7.74147e-005     206     9    33432      365862     14970     4813     233     233
17      6739       2952       0       84     1997     814      22     0.000120032     198     9    31752      383131     15452     4767     232     232
18      7014       3008       0       94     2045     820      22     0.000104039     199     14    35528      399634     15943     4769     229     229
19      6657       3012       0       70     2094     824      22     0.000101054     196     12    27045      352423     16326     4830     228     228
0      10000       2003       0       0     997     1000      22     0.000112899     254     0    0      403144     7514     7596     225     225
1      10093       2325       0       156     1163     967      22     0.000136216     253     3    46974      639015     8739     7544     229     229
2      9128       2566       0       143     1554     843      22     8.08066e-005     261     10    47644      507738     11686     6545     230     230
3      8016       2702       0       142     1866     768      22     8.25333e-005     257     6    50541      438852     14040     5725     230     230
4      7814       2821       0       113     2061     714      22     4.29159e-005     243     6    40990      389720     15317     4951     233     233
5      7280       2903       0       88     2120     738      22     9.30283e-005     235     7    33312      390670     15720     4984     235     235
6      7645       2998       0       83     2190     734      22     9.78719e-005     232     9    32622      454061     16268     4814     232     232
7      7334       3049       0       83     2185     784      22     5.41213e-005     228     12    32733      399498     16217     4952     232     232
8      7063       3085       0       81     2192     815      22     7.54107e-005     217     10    32336      386017     16217     4946     230     230
9      6645       3126       0       88     2237     829      22     6.65197e-005     214     12    33744      338499     16528     4771     227     227
10      6321       3180       0       77     2249     832      22     3.66465e-005     207     12    30840      325753     16550     4591     226     226
11      6462       3184       0       77     2227     859      22     3.3128e-005     207     10    30174      344074     16389     4764     223     223
12      6326       3188       0       63     2207     892      22     2.6654e-005     201     12    25082      343114     16255     4814     221     221
13      6976       3237       0       94     2210     908      22     6.44911e-005     197     6    37895      403528     16285     4893     225     225
14      7538       3262       0       85     2206     900      22     0.000167682     199     7    35108      472000     16308     4812     221     221
15      6573       3287       0       75     2201     948      22     0.000111791     208     13    31186      341111     16265     5251     225     225
16      7631       3306       0       89     2231     970      22     5.60555e-005     213     10    35729      441097     16477     5680     227     227
17      7388       3384       0       104     2292     1004      22     5.02142e-005     210     12    44232      415310     16935     5760     221     221
18      7398       3427       0       98     2391     1001      22     6.84439e-005     210     10    39611      390824     17716     5816     220     220
19      8238       3443       0       93     2461     992      22     4.67649e-005     215     9    38110      492188     18359     5886     221     221
0      10000       2017       0       0     983     1000      22     8.09619e-005     182     0    0      558842     7216     5216     225     225
1      7558       2196       0       128     1071     982      22     4.3636e-005     186     6    35370      539006     7991     5572     228     228
2      6661       2342       0       112     1296     914      22     7.19508e-005     185     7    34058      409437     10037     5179     227     227
3      6242       2435       0       100     1431     883      22     5.01759e-005     178     6    31332      368096     11219     4903     228     228
4      5480       2536       0       82     1569     825      22     8.96667e-005     172     4    28388      325398     12516     4339     224     224
5      5148       2574       0       80     1640     790      22     0.000103487     174     9    27762      273734     13279     4121     228     228
6      5527       2626       0       76     1704     756      22     0.000117996     177     14    26513      299635     13916     4256     224     224
7      6286       2690       0       97     1733     760      22     8.35993e-005     180     14    35740      396912     14207     4557     222     222
8      6034       2714       0       76     1812     761      22     8.31704e-005     188     17    29126      307936     15046     4711     222     222
9      6508       2772       0       82     1829     783      22     6.1602e-005     189     15    32269      360984     15174     4649     221     221
10      6215       2822       0       77     1853     829      22     6.77814e-005     187     12    32768      342979     15458     4781     224     224
11      6082       2834       0       67     1905     818      22     0.000102384     184     11    28337      349272     15927     4631     226     226
12      5801       2895       0       69     1893     840      22     9.72373e-005     181     13    29205      336199     15870     4481     229     229
13      5744       2861       0       73     1914     843      22     7.84248e-005     181     17    29781      322628     16036     4309     232     232
14      6301       2867       0       67     1897     886      22     0.000105215     182     17    27930      371041     15877     4748     228     228
15      6228       2902       0       66     1899     900      22     0.000104323     179     15    28684      369528     15979     4743     234     234
16      6789       2944       0       60     1894     929      22     6.41044e-005     178     16    25841      449751     16035     5170     231     231
17      6601       3015       0       81     1952     914      22     7.88574e-005     183     17    33232      433917     16607     4934     228     228
18      6227       3039       0       65     1964     953      22     9.41747e-005     173     17    28375      395399     16687     4931     226     226
19      6008       3018       0       83     1928     982      22     9.86389e-005     174     22    37068      372342     16418     4969     230     230
0      10000       1963       0       37     1000     1000      22     0.000121386     273     0    8747      376212     7259     8852     225     225
1      11133       2333       0       202     1243     956      22     0.00010657     278     4    59632      749279     9224     8448     220     220
2      9835       2621       0       149     1708     827      22     0.000140428     277     3    50511      569419     13071     7321     218     218
3      9275       2843       0       131     2015     747      22     9.04293e-005     269     3    48221      556071     15580     6433     221     221
4      8932       3006       0       109     2193     702      22     9.42241e-005     275     7    44524      490126     17092     6244     226     226
5      9221       3153       0       95     2371     687      22     0.000106561     291     14    40914      497323     18622     6452     227     227
6      9127       3305       0       93     2473     727      22     0.000126517     288     14    41323      506599     19325     6879     224     224
7      9061       3395       0       105     2556     737      22     0.00015146     280     14    49350      524157     20142     6689     222     222
8      9454       3543       0       93     2676     717      22     0.000105537     283     24    44977      562370     21134     6527     226     226
9      9072       3631       0       95     2708     770      22     8.89879e-005     273     21    46791      515826     21493     6703     230     230
10      9304       3719       0       100     2753     807      22     9.90644e-005     274     25    48021      577630     21911     6884     228     228
11      9247       3816       0       90     2802     845      22     7.87829e-005     281     29    48244      534759     22284     7112     229     229
12      8894       3883       0       72     2848     886      22     6.41377e-005     270     21    38771      532494     22615     7209     225     225
13      9532       3961       0       83     2893     935      22     9.28381e-005     270     20    44513      594868     23043     7471     226     226
14      8879       4041       0       73     2900     976      22     6.53329e-005     262     18    39955      526163     23133     7545     224     224
15      9591       4105       0       73     2909     1038      22     9.1109e-005     258     18    38139      604281     23223     8038     221     221
16      9951       4198       0       77     2968     1096      22     0.000133905     259     19    45101      656115     23622     8253     221     221
17      10348       4258       0       74     3039     1091      22     7.9643e-005     260     18    40507      719886     24198     8280     219     219
18      9224       4306       0       84     3091     1098      22     6.61285e-005     250     19    48621      603946     24530     7970     222     222
19      9541       4314       0       81     3072     1189      22     5.85032e-005     240     18    48029      642311     24369     8343     218     218
0      10000       1987       0       13     1000     1000      22     9.07978e-005     204     0    2547      499870     6885     4090     225     225
1      6812       2199       0       130     1090     977      22     0.000102448     205     5    33594      387700     7698     4643     223     223
2      6626       2317       0       115     1273     919      22     0.000102225     208     11    31643      390316     9326     4681     226     226
3      6868       2422       0       131     1418     853      22     0.000199167     216     6    39248      388272     10611     4760     227     227
4      6931       2531       0       105     1641     803      22     0.000155284     222     7    33782      371929     12473     4666     224     224
5      7050       2639       0       98     1792     753      22     0.000160627     241     20    33223      386904     13839     4821     224     224
6      6345       2700       0       99     1912     734      22     0.000135618     244     23    34021      316455     14854     4535     222     222
7      6892       2725       0       80     1942     742      22     0.000127322     242     18    27481      393304     15171     4478     223     223
8      6559       2756       0       87     1952     782      22     0.000117086     245     23    31668      357573     15376     4573     226     226
9      6795       2834       0       100     1956     804      22     6.58102e-005     238     23    38190      366655     15541     4756     230     230
10      6893       2924       0       82     2000     821      22     4.61737e-005     235     23    31306      374349     15900     4644     229     229
11      6482       2986       0       86     2044     834      22     7.12288e-005     235     28    35612      345802     16393     4803     231     231
12      6612       3043       0       87     2087     844      22     8.04487e-005     220     25    35737      375652     16740     4526     237     237
13      6287       3113       0       69     2090     876      22     8.41135e-005     226     33    29949      349149     16794     4964     238     238
14      6689       3125       0       92     2121     897      22     6.37295e-005     219     28    39989      393491     17167     4943     236     236
15      6389       3118       0       76     2144     919      22     0.000100184     214     28    32359      355609     17528     4828     234     234
16      6743       3126       0       69     2125     979      22     7.00064e-005     213     25    30027      422267     17396     5310     234     234
17      7222       3086       0       103     2127     962      22     0.00010414     218     27    43308      465664     17426     5496     235     235
18      6820       3122       0       71     2148     988      22     0.000145368     216     24    31921      398268     17459     5552     234     234
19      7403       3171       0       88     2169     984      22     8.46347e-005     218     24    40395      459185     17731     5648     241     241
0      10000       2018       0       0     982     1000      22     0.000184778     415     0    0      250724     7060     12670     225     225
1      14598       2526       0       237     1402     874      22     0.000150386     403     6    75854      852354     10225     10372     224     224
2      11971       2931       0       165     2007     717      22     8.79776e-005     391     9    61131      633241     14831     8299     226     226
3      10924       3179       0       142     2391     653      22     0.000118117     387     8    60326      537750     17695     7502     229     229
4      10776       3381       0       109     2620     668      22     6.02874e-005     377     7    48258      547158     19435     7541     228     228
5      10312       3589       0       126     2783     697      22     7.36582e-005     359     12    57672      553572     20732     7706     226     226
6      10127       3755       0       96     2954     692      22     7.10441e-005     347     13    47801      530691     21980     7306     225     225
7      10219       3848       0       103     3052     744      22     0.000181394     338     23    52338      558755     22859     7421     222     222
8      11004       4044       0       96     3134     819      22     0.000175573     342     26    52035      632906     23554     8438     219     219
9      11085       4149       0       101     3240     842      22     0.000129099     337     30    55062      639537     24465     8481     220     220
10      12021       4277       0       95     3328     884      22     0.000136224     341     29    53436      776373     25196     9357     225     225
11      12625       4396       0       90     3420     907      22     0.0001296     336     26    52462      816611     25856     9773     226     226
12      11809       4544       0       102     3559     932      22     0.000117687     328     26    63312      690391     27019     9669     225     225
13      12560       4733       0       94     3668     978      22     4.86167e-005     323     24    59040      808914     27882     10076     224     224
14      11965       4840       0       109     3743     1018      22     7.20143e-005     317     27    74695      801255     28435     9975     221     221
15      12014       4936       0       89     3747     1094      22     6.95378e-005     310     26    59746      781258     28396     10479     223     223
16      12064       5022       0       110     3860     1102      22     7.05493e-005     300     22    73881      785556     29235     10178     224     224
17      11865       5122       0       80     3891     1169      22     9.05497e-005     298     29    58209      776613     29307     10518     223     223
18      12012       5180       0       98     3935     1183      22     7.40567e-005     294     27    70325      854866     29596     10572     223     223
19      12193       5298       0       89     3995     1183      22     6.69503e-005     285     20    65368      865025     30131     9997     225     225
0      10000       1993       0       7     1000     1000      22     5.3919e-005     121     0    1463      836238     7476     3633     225     225
1      5376       2075       0       88     1014     982      22     4.87116e-005     123     4    23236      400900     7548     3624     221     221
2      4904       2092       0       88     1067     971      22     4.65924e-005     127     6    24755      331354     7855     3678     219     219
3      4256       2128       0       72     1141     924      22     8.54318e-005     124     5    20866      240830     8394     3234     220     220
4      4289       2086       0       71     1189     861      22     9.88478e-005     133     8    19311      237869     8763     3093     217     217
5      4087       2078       0       94     1222     813      22     9.64111e-005     137     11    26113      215397     8988     2839     215     215
6      4743       2050       0       76     1266     785      22     5.23954e-005     142     14    19191      294777     9347     2909     211     211
7      4657       2054       0       76     1274     776      22     0.000123381     145     12    20957      278719     9324     3202     211     211
8      4312       2098       0       76     1296     750      22     9.66696e-005     157     23    20143      204842     9493     3307     214     214
9      4629       2102       0       71     1332     737      22     7.75326e-005     164     20    20598      247959     9809     3676     216     216
10      4923       2147       0       87     1355     728      22     6.86942e-005     168     22    26527      266077     9986     3641     217     217
11      4918       2181       0       74     1379     714      22     5.7613e-005     166     19    20587      263730     10163     3596     218     218
12      4517       2168       0       88     1437     665      22     6.79854e-005     163     20    26944      220757     10532     3249     217     217
13      4556       2217       0       101     1430     683      22     0.000111949     161     20    30789      233612     10488     3406     222     222
14      4560       2231       0       80     1470     680      22     0.000103636     163     24    24193      232162     10872     3431     220     220
15      5033       2253       0       83     1484     673      22     9.33704e-005     165     21    25348      281417     10940     3450     219     219
16      4884       2282       0       87     1513     658      22     0.000107801     171     26    25114      259790     11179     3475     210     210
17      5048       2298       0       76     1556     663      22     8.09796e-005     169     26    23881      272158     11542     3664     209     209
18      5131       2338       0       74     1537     679      22     5.46713e-005     165     24    23365      285495     11383     3550     208     208
19      4679       2342       0       60     1504     689      22     9.5435e-005     161     22    19043      256571     11066     3495     204     204
0      10000       2054       0       0     946     1000      22     8.02618e-005     180     0    0      567156     7153     5767     225     225
1      7571       2284       0       112     1069     984      22     0.000178899     183     7    33385      489701     8085     5961     227     227
2      7037       2394       0       108     1279     902      22     0.000105158     188     9    33740      455501     9661     5431     223     223
3      6964       2475       0       96     1482     855      22     7.33151e-005     190     11    30447      454738     11146     5165     225     225
4      6425       2518       0       109     1676     779      22     0.000113382     184     9    36145      365351     12680     4520     224     224
5      5726       2615       0       73     1753     745      22     0.000121774     179     9    24561      319656     13314     4187     224     224
6      6055       2631       0       79     1818     743      22     0.000109728     182     13    26986      335033     13830     4044     227     227
7      5696       2700       0       71     1822     749      22     8.74224e-005     179     16    26231      322770     13879     4025     230     230
8      5696       2723       0       74     1793     781      22     0.000108402     186     21    27602      314842     13657     4285     231     231
9      5313       2748       0       71     1833     781      22     5.43897e-005     179     19    26159      268007     14020     3905     235     235
10      5396       2787       0       64     1786     798      22     0.000144787     175     18    23277      284852     13638     3941     238     238
11      5627       2760       0       60     1796     796      22     0.000101754     178     18    21638      285269     13636     3979     238     238
12      5210       2784       0       76     1745     838      22     7.67776e-005     170     21    27142      285706     13255     4057     243     243
13      5388       2802       0       70     1818     823      22     8.68417e-005     174     24    27365      291748     13814     4173     249     249
14      5314       2770       0       84     1807     835      22     3.66424e-005     174     23    30148      282228     13728     4153     257     257
15      5949       2789       0       74     1890     817      22     4.84828e-005     167     19    27034      367567     14281     4041     258     258
16      5606       2794       0       59     1887     826      22     0.00014704     171     26    22976      327946     14345     4158     254     254
17      6201       2779       0       76     1867     858      22     9.30378e-005     173     25    29803      373257     14180     4395     255     255
18      6397       2826       0       75     1909     835      22     0.000117574     182     27    28211      360747     14548     4497     257     257
19      6406       2888       0       76     1935     813      22     0.000140127     182     29    32184      376210     14818     4170     254     254
