0      10000       1989       0       11     1000     1000      22     0.0001     225     0    2462      456160     7058     6663     225     225
1      9466       2297       0       146     1166     963      22     0.000154706     226     6    44230      630018     8747     6998     226     226
2      9379       2498       0       140     1529     877      22     0.000129188     237     7    45171      629971     12087     6936     225     225
3      8774       2659       0       132     1740     812      22     0.00018697     238     8    45828      540080     14075     6485     224     224
4      8667       2828       0       121     1985     737      22     0.000201114     247     15    46289      543671     16309     5969     227     227
0      10000       2000       0       0     1000     1000      22     0.0001     225     0    0      453166     6715     7029     225     225
1      9140       2243       0       147     1169     966      22     7.96193e-005     224     2    42296      601546     8203     6939     223     223
2      8077       2435       0       131     1476     868      22     0.000110831     218     4    41419      498941     10780     5917     223     223
3      7515       2564       0       120     1732     790      22     0.000107047     216     5    39805      419225     12978     5181     222     222
4      7065       2646       0       86     1884     746      22     0.000188869     230     12    29081      356413     14415     5047     216     216
0      10000       1997       0       3     1000     1000      22     0.0001     225     0    661      454796     7124     7422     225     225
1      9435       2298       0       151     1146     983      22     0.00014737     227     6    45032      616347     8266     7363     226     226
2      8579       2463       0       141     1471     896      22     6.80931e-005     222     6    46811      535997     10658     6338     222     222
3      7993       2609       0       120     1739     799      22     7.34173e-005     230     12    39602      454729     12634     5629     223     223
4      7382       2722       0       98     1969     736      22     6.57374e-005     223     7    35562      421306     14272     5148     224     224
0      10000       2069       0       0     931     1000      22     0.0001     225     0    0      454028     6852     7139     225     225
1      9018       2280       0       125     1118     965      22     0.000349553     220     8    36853      597356     8403     7188     224     224
2      9477       2481       0       149     1462     847      22     0.000477811     240     15    49677      603509     11173     6814     226     226
3      8963       2688       0       117     1807     714      22     0.000300638     256     11    40270      506431     13767     6276     227     227
4      8798       2873       0       118     2064     628      22     0.00024702     281     20    43954      451044     15726     5814     228     228
0      10000       2021       0       0     979     1000      22     0.0001     225     0    0      455124     7164     7449     225     225
1      9643       2311       0       137     1168     952      22     4.90079e-005     225     3    41148      681557     8929     6877     227     227
2      8385       2460       0       131     1433     898      22     2.02279e-005     219     2    41873      509645     11435     6199     228     228
3      7369       2640       0       109     1693     828      22     1.91092e-005     215     3    37958      433395     13751     5498     225     225
4      6531       2691       0       93     1800     828      22     1.90693e-005     208     3    33856      356321     14865     5167     226     226
0      10000       1988       0       12     1000     1000      22     0.0001     225     0    2793      455776     7586     8210     225     225
1      10193       2332       0       142     1233     958      22     0.000188112     234     10    44774      702907     9682     7652     227     227
2      9349       2567       0       125     1583     870      22     0.000219118     246     14    43431      584793     12776     6891     230     230
3      7927       2746       0       121     1857     771      22     0.000126397     252     18    45173      423041     15357     6076     226     226
4      8508       2878       0       126     2004     764      22     8.14961e-005     253     15    48879      475664     16791     6217     229     229
0      10000       2001       0       0     999     1000      22     0.0001     225     0    0      454574     7621     8221     225     225
1      10016       2301       0       165     1155     993      22     6.93882e-005     218     1    48547      657702     8861     7593     218     218
2      8582       2567       0       142     1498     901      22     2.55627e-005     214     3    45766      506144     11363     6448     216     216
3      7817       2716       0       118     1768     836      22     5.36063e-005     210     7    40686      455841     13322     5722     215     215
4      7120       2823       0       95     1912     779      22     2.27503e-005     197     5    34675      415438     14323     4847     218     218
0      10000       1995       0       5     1000     1000      22     0.0001     225     0    1212      454168     7033     6680     225     225
1      8630       2258       0       140     1141     979      22     0.000102487     224     7    40847      501836     8517     6773     228     228
2      8456       2475       0       127     1392     916      22     6.41917e-005     225     6    41171      510452     10950     6388     225     225
3      7837       2611       0       110     1622     833      22     6.35244e-005     224     6    38826      447757     13103     5756     223     223
4      6899       2725       0       94     1782     765      22     0.000103781     222     12    33984      371125     14550     5133     223     223
0      10000       1960       0       40     1000     1000      22     0.0001     225     0    8540      453288     7234     7451     225     225
1      9085       2273       0       165     1183     984      22     7.06035e-005     230     6    49990      591753     8539     7549     225     225
2      7914       2499       0       129     1506     870      22     7.03246e-005     216     2    43111      478496     10910     6204     225     225
3      7193       2609       0       121     1761     764      22     4.53386e-005     216     4    40185      394471     12840     5170     222     222
4      6729       2657       0       107     1905     733      22     4.46983e-005     213     11    37501      365843     13777     4802     222     222
0      10000       1974       0       26     1000     1000      22     0.0001     225     0    5999      453666     7314     6776     225     225
1      8430       2236       0       150     1174     981      22     4.73808e-005     222     2    42940      517530     8743     6408     224     224
2      7612       2397       0       114     1430     912      22     3.94995e-005     224     5    35864      447228     10845     5876     224     224
3      7317       2490       0       97     1637     814      22     3.9873e-005     221     10    31474      442347     12553     5220     230     230
4      6783       2591       0       98     1802     762      22     2.85994e-005     215     10    33619      388295     13978     4537     229     229
0      10000       1996       0       4     1000     1000      22     0.0001     225     0    646      455128     6540     6843     225     225
1      9240       2269       0       146     1152     975      22     0.000152419     226     6    41320      647998     8079     6860     229     229
2      8774       2486       0       128     1468     905      22     0.000216187     252     19    40317      537600     11004     7252     228     228
3      9744       2740       0       136     1749     783      22     0.000525245     291     22    47417      568670     13754     7076     234     234
4      11277       2983       0       131     2080     679      22     0.00103089     363     46    50706      622619     16602     7811     240     240
0      10000       2023       0       0     977     1000      22     0.0001     225     0    0      454520     7111     6926     225     225
1      8970       2312       0       163     1146     972      22     7.5325e-005     221     4    46999      591576     8680     6408     223     223
2      7721       2511       0       118     1430     906      22     8.6607e-005     221     11    36428      486997     11266     5821     218     218
3      7185       2630       0       103     1613     849      22     8.05852e-005     227     13    35282      418029     12913     5347     216     216
4      6845       2739       0       91     1795     798      22     4.70452e-005     225     20    32306      388965     14587     5075     217     217
0      10000       2002       0       0     998     1000      22     0.0001     225     0    0      454314     6683     7103     225     225
1      8056       2258       0       143     1114     985      22     9.64979e-005     228     10    42977      588842     7994     6835     223     223
2      7703       2392       0       147     1355     890      22     8.09441e-005     228     12    48543      541445     10578     5931     221     221
3      6321       2411       0       105     1580     817      22     0.000177857     225     19    32661      418753     12731     5066     218     218
4      5952       2493       0       86     1690     771      22     6.14272e-005     221     17    27738      339144     13916     4755     221     221
0      10000       1984       0       16     1000     1000      22     0.0001     225     0    3285      454412     7356     5978     225     225
1      7958       2200       0       134     1128     961      22     9.80159e-005     224     9    37692      464004     8472     5853     222     222
2      7933       2389       0       105     1332     914      22     4.13196e-005     230     8    31064      479435     10241     5815     224     224
3      7187       2554       0       122     1545     856      22     6.28726e-005     225     5    40085      373025     12090     5357     224     224
4      7664       2687       0       94     1756     777      22     7.60206e-005     228     11    33256      417676     13857     4923     229     229
0      10000       1965       0       35     1000     1000      22     0.0001     225     0    8141      455680     7509     7226     225     225
1      9330       2283       0       151     1162     1000      22     5.22333e-005     217     2    46598      634388     8867     6867     224     224
2      8047       2473       0       122     1445     904      22     6.08444e-005     213     4    40138      525945     11224     6015     227     227
3      7809       2601       0       103     1653     817      22     0.000145305     213     4    35476      472347     12900     5405     224     224
4      6909       2680       0       87     1787     744      22     0.000528939     241     23    31242      372477     13970     5281     224     224
0      10000       1985       0       15     1000     1000      22     0.0001     225     0    3334      455430     6881     6924     225     225
1      9117       2234       0       154     1133     984      22     0.000168227     221     3    44336      580641     7985     6714     226     226
2      8790       2486       0       129     1451     898      22     0.00016879     226     5    40195      551216     10660     6435     224     224
3      9402       2715       0       114     1762     787      22     0.000284164     271     25    39836      524044     13277     6508     224     224
4      8293       2867       0       111     2012     702      22     0.000392911     284     28    40563      418019     15370     5855     225     225
0      10000       1993       0       7     1000     1000      22     0.0001     225     0    1294      454244     7105     6736     225     225
1      9623       2257       0       158     1122     990      22     7.32854e-005     223     4    45093      694635     8263     6919     225     225
2      8418       2471       0       129     1458     909      22     4.73269e-005     224     8    40428      564278     11064     6424     223     223
3      7238       2584       0       90     1694     817      22     4.64958e-005     220     6    30933      409254     13151     5641     223     223
4      6985       2697       0       107     1863     760      22     7.09195e-005     208     8    39241      406845     14581     4944     221     221
0      10000       2010       0       0     990     1000      22     0.0001     225     0    0      454994     6805     6960     225     225
1      8405       2274       0       151     1132     971      22     9.59594e-005     228     8    44934      544125     7972     6856     225     225
2      7909       2486       0       121     1407     882      22     4.47068e-005     218     10    40700      533495     10340     5781     227     227
3      6413       2631       0       105     1648     794      22     4.27777e-005     207     10    37841      371637     12367     4924     230     230
4      6419       2661       0       82     1788     762      22     1.32508e-005     200     11    29402      393437     13431     4547     233     233
0      10000       1981       0       19     1000     1000      22     0.0001     225     0    3781      453890     7439     6711     225     225
1      8974       2259       0       136     1192     941      22     0.000134982     230     6    40273      615066     8906     6445     229     229
2      7670       2405       0       116     1465     860      22     6.84169e-005     219     7    36408      486684     10927     5671     228     228
3      7037       2524       0       88     1650     785      22     0.000139367     227     15    31185      408367     12340     5010     225     225
4      6919       2644       0       125     1795     738      22     0.000100711     231     21    44913      379229     13445     4870     228     228
0      10000       1986       0       14     1000     1000      22     0.0001     225     0    3193      453484     7206     5701     225     225
1      8430       2218       0       138     1127     959      22     7.86669e-005     233     8    37640      509674     8293     5819     224     224
2      7565       2343       0       129     1331     889      22     0.000132239     236     15    37969      443441     9945     5236     225     225
3      6996       2436       0       119     1540     816      22     0.000145287     237     13    36743      374314     11552     4613     224     224
4      6145       2551       0       104     1705     752      22     6.2383e-005     239     19    33921      286449     12873     4276     226     226
