0      10000       1992       0       8     1000     1000      22     0.0001     225     0    1596      453164     7578     7767     225     225
1      10088       2257       0       170     1195     978      22     0.0001     228     3    49595      650686     9149     7709     227     227
2      9061       2535       0       142     1523     893      22     0.0001     231     5    46671      557197     11713     6941     224     224
3      8449       2673       0       136     1785     816      22     0.0001     231     7    48286      481333     13723     6326     228     228
4      8287       2833       0       97     1993     743      22     0.0001     234     8    36212      457009     15419     5751     227     227
5      8074       2948       0       86     2060     735      22     0.0001     237     10    33000      480212     16011     5667     230     230
6      7472       3024       0       102     2127     707      22     0.0001     235     14    38971      404754     16577     5269     226     226
7      8252       3125       0       98     2204     704      22     0.0001     239     18    40511      478312     17129     5583     226     226
8      7765       3222       0       105     2346     725      22     0.0001     237     23    46385      434035     18262     5665     226     226
9      8303       3306       0       90     2365     795      22     0.0001     239     20    41226      477039     18394     6394     228     228
10      8666       3422       0       78     2417     844      22     0.0001     232     16    34683      538892     18770     6578     226     226
11      8303       3488       0       102     2526     810      22     0.0001     237     19    46949      462625     19662     6367     221     221
12      8288       3602       0       71     2604     808      22     0.0001     240     18    33558      463606     20201     6214     221     221
13      8821       3650       0       78     2604     834      22     0.0001     241     14    36587      522491     20201     6424     220     220
14      8797       3683       0       86     2619     882      22     0.0001     241     12    44478      487713     20307     7048     224     224
15      8528       3781       0       82     2716     919      22     0.0001     232     16    41585      518556     21025     7361     225     225
16      9169       3858       0       79     2786     914      22     0.0001     233     14    42039      546203     21519     7234     228     228
17      9324       3958       0       110     2819     935      22     0.0001     231     8    60605      568994     21748     7489     225     225
18      9336       4008       0       70     2932     945      22     0.0001     233     8    37687      576556     22649     7565     222     222
19      9469       4021       0       100     2952     961      22     0.0001     230     10    55415      603759     22710     7397     223     223
20      9562       4073       0       84     2991     952      22     0.0001     231     14    48594      638508     22979     7575     224     224
21      9055       4169       0       74     3019     946      22     0.0001     225     10    40951      556189     23290     7326     223     223
22      9488       4189       0       84     3003     980      22     0.0001     224     15    48159      620086     23224     7540     222     222
23      9827       4199       0       86     3034     1037      22     0.0001     231     17    48176      655791     23465     8249     227     227
24      9253       4301       0       84     3120     1047      22     0.0001     232     24    51296      585357     24076     8081     226     226
25      9726       4408       0       80     3151     1090      22     0.0001     230     22    48142      641470     24384     8521     228     228
