151.648     341.753     0     0     0     0     0     1     0     0     d
462.98     101.544     0     0     0     0     0     1     0     0     d
457.461     473.485     0     0     0     0     0     1     0     0     d
23.8936     373.018     0     0     0     0     0     0     0     0     e
455.889     76.3979     1     0     1     0     0     6     0     0     w
43.301     180.032     0     0     0     0     0     0     0     0     e
464.874     118.766     0     0     0     0     0     1     0     0     d
179.515     238.014     0     0     0     0     0     0     0     0     e
351.368     410.521     0     0     0     0     0     1     0     0     d
233.789     183.626     0     0     0     0     0     0     0     0     e
226.668     276.289     0     0     0     0     0     0     0     0     e
442.375     139.848     0     0     0     0     0     2     0     0     d
473.199     469.736     0     0     0     0     0     4     0     0     d
186.451     208.816     0     0     0     0     0     0     0     0     e
146.386     353.513     0     0     0     0     0     0     0     0     e
348.037     307.291     0     0     0     0     0     0     0     0     e
35.4953     12.7902     0     0     0     0     0     2     0     0     d
352.874     404.161     1     0     6     0     0     2     0     0     w
389.225     39.6292     0     0     0     0     0     0     0     0     e
161.842     8.08498     0     0     0     0     0     0     0     0     e
259.127     320.318     0     0     0     0     0     0     0     0     e
186.389     117.879     0     0     0     0     0     0     0     0     e
93.4492     98.1216     0     0     0     0     0     0     0     0     e
311.433     773.438     1     0     7     0     0     3     0     0     w
190.043     968.604     0     0     0     0     0     1     0     0     d
127.554     810.076     0     0     0     0     0     1     0     0     d
130.479     501.483     0     0     0     0     0     2     0     0     e
259.269     559.317     0     0     0     0     0     0     0     0     e
127.092     955.139     0     0     0     0     0     1     0     0     d
388.723     585.287     0     0     0     0     0     2     0     0     d
307.762     984.564     0     0     0     0     0     2     0     0     d
78.6995     572.646     0     0     1     0     0     1     0     0     w
436.284     730.864     0     0     0     0     0     1     0     0     d
373.917     623.667     0     0     0     0     0     2     0     0     d
224.808     955.859     0     0     0     0     0     1     0     0     d
105.877     986.605     0     0     0     0     0     2     0     0     d
173.654     509.793     0     0     0     0     0     2     0     0     d
437.512     745.722     0     0     0     0     0     1     0     0     d
59.7449     658.594     0     0     0     0     0     0     0     0     e
328.013     803.911     0     0     0     0     0     1     0     0     d
182.423     831.159     0     0     0     0     0     1     0     0     d
464.02     668.263     0     0     0     0     0     3     0     0     d
268.106     942.765     0     0     0     0     0     4     0     0     d
472.908     639.617     0     0     0     0     0     6     0     0     d
487.55     942.505     0     0     0     0     0     2     0     0     e
463.224     736.07     0     0     0     0     0     0     0     0     e
280.661     910.726     0     0     0     0     0     1     0     0     d
169.239     645.656     0     0     0     0     0     1     0     0     d
93.3847     635.863     0     0     0     0     0     0     0     0     e
487.886     880.811     0     0     0     0     0     2     0     0     d
477.088     853.142     0     0     0     0     0     1     0     0     d
318.523     918.943     0     0     0     0     0     2     0     0     d
130.366     768.135     0     0     0     0     0     1     0     0     d
327.988     966.918     0     0     2     0     0     1     0     0     w
309.491     568.147     0     0     0     0     0     0     0     0     e
263.362     680.748     0     0     21     0     0     1     0     0     w
96.7776     958.309     1     0     4     0     0     2     0     0     w
72.0884     718.161     0     0     0     0     0     0     0     0     e
468.243     567.209     0     0     0     0     0     1     0     0     d
118.433     801.888     0     0     0     0     0     0     0     0     e
461.486     882.229     0     0     2     0     0     2     0     0     w
71.0466     828.233     0     0     0     0     0     0     0     0     e
232.644     567.515     0     0     0     0     0     0     0     0     e
475.47     976.441     0     0     2     0     0     5     0     0     w
417.987     920.587     0     0     0     0     0     1     0     0     d
180.66     833.201     2     0     2     1     0     4     0     58     w
165.047     547.462     0     0     0     0     0     0     0     0     e
270.497     862.249     0     0     0     0     0     0     0     0     e
138.679     667.473     0     0     0     0     0     0     0     0     e
212.422     1012.55     0     0     0     0     0     5     0     0     e
416.459     1455.94     0     0     0     0     0     3     0     0     d
148.49     1006.83     0     0     0     0     0     1     0     0     d
415.6     1494.83     0     0     0     0     0     1     0     0     d
445.618     1434.25     1     0     9     0     0     3     0     0     w
34.847     1495.53     0     0     0     0     0     0     0     0     e
265.841     1492.49     0     0     0     0     0     0     0     0     e
312.664     1342.9     0     0     0     0     0     0     0     0     e
307.959     1074.94     1     0     18     0     0     5     0     0     w
3.24246     1345.02     0     0     0     0     0     1     0     0     d
387.814     1073.13     5     0     11     0     0     8     0     0     w
306.626     1141.16     1     0     1     0     0     4     0     0     w
93.3341     1033.07     0     0     0     0     0     3     0     0     d
184.189     1026.66     0     0     0     0     0     3     0     0     d
84.3799     1465.78     0     0     0     0     0     0     0     0     e
97.751     1476.73     1     0     1     0     0     1     0     0     w
59.1105     1247.71     0     0     0     0     0     0     0     0     e
52.9113     1343.57     0     0     1     0     0     3     0     0     w
110.214     1306.03     0     0     0     0     0     0     0     0     e
201.155     1407.45     0     0     0     0     0     3     0     0     d
417.281     1310.36     0     0     0     0     0     0     0     0     e
199.365     1229.99     0     0     0     0     0     0     0     0     e
290.715     1188.9     0     0     0     0     0     0     0     0     e
532.036     151.092     0     0     0     0     0     2     0     0     d
665.288     223.835     0     0     0     0     0     1     0     0     d
863.438     349.346     0     0     0     0     0     1     0     0     d
842.981     351.696     0     0     0     0     0     4     0     0     e
755.515     263.931     0     0     0     0     0     5     0     0     e
644.258     393.095     0     0     0     0     0     1     0     0     d
950.553     405.556     0     0     1     0     0     1     0     0     w
940.294     410.65     1     0     19     0     0     2     0     0     w
653.425     3.07184     1     0     0     0     0     4     0     0     w
996.984     75.54     0     0     0     0     0     1     0     0     d
856.525     186.414     0     0     0     0     0     6     0     0     d
533.435     12.8198     0     0     0     0     0     3     0     0     d
966.685     86.605     0     0     0     0     0     0     0     0     e
659.647     476.705     0     0     0     0     0     1     0     0     d
570.145     496.134     0     0     0     0     0     1     0     0     d
563.743     112.505     0     0     0     0     0     1     0     0     d
905.696     388.619     0     0     0     0     0     4     0     0     e
651.618     359.67     0     0     0     0     0     1     0     0     d
809.845     321.53     0     0     0     0     0     1     0     0     e
870.485     66.1049     0     0     0     0     0     0     0     0     e
704.438     87.3738     0     0     0     0     0     6     0     0     d
579.925     394.613     0     0     0     0     0     19     0     0     e
861.255     435.399     0     0     0     0     0     2     0     0     d
580.001     271.295     1     0     0     0     0     2     0     0     w
509.085     109.664     0     0     0     0     0     2     0     0     d
608.091     198.722     0     0     0     0     0     5     0     0     e
911.874     140.935     0     0     0     0     0     0     0     0     e
976.845     35.7449     0     0     0     0     0     0     0     0     e
502.022     364.83     0     0     0     0     0     0     0     0     e
764.183     107.93     1     0     2     0     0     1     0     0     w
591.294     352.956     1     0     3     0     0     2     0     0     w
535.856     440.751     8     0     25     0     0     0     0     0     w
823.92     498.67     2     0     22     1     0     8     0     103     w
557.355     78.0488     0     0     2     0     0     3     0     0     w
924.613     307.989     0     0     0     0     0     0     0     0     e
818.088     182.249     0     0     0     0     0     0     0     0     e
584.021     374.067     0     0     0     0     0     0     0     0     e
892.579     325.232     0     0     0     0     0     0     0     0     e
644.505     385.56     4     0     27     1     0     0     0     94     w
880.097     131.602     0     0     0     0     0     0     0     0     e
923.851     199.124     0     0     0     0     0     0     0     0     e
987.518     409.345     0     0     0     0     0     0     0     0     e
739.062     746.251     0     0     0     0     0     0     0     0     e
927.809     696.936     1     0     15     1     0     2     0     71     w
981.965     779.375     0     0     0     0     0     1     0     0     d
692.052     579.664     0     0     0     0     0     5     0     0     e
762.785     549.536     0     0     0     0     0     1     0     0     d
868.347     737.131     0     0     0     0     0     1     0     0     d
733.503     785.255     0     0     0     0     0     0     0     0     e
841.411     642.794     0     0     0     0     0     3     0     0     d
686.676     648.985     0     0     0     0     0     1     0     0     d
538.938     763.23     0     0     0     0     0     1     0     0     d
702.189     590.961     0     0     0     0     0     1     0     0     d
934.01     670.215     5     0     36     0     0     5     0     0     w
848.481     561.355     0     0     0     0     0     1     0     0     d
877.535     686.557     0     0     0     0     0     1     0     0     d
812.759     662.012     0     0     0     0     0     4     0     0     e
636.907     827.46     0     0     0     0     0     0     0     0     e
541.922     673.006     0     0     3     0     0     3     0     0     w
556.166     943.774     0     0     0     0     0     2     0     0     d
543.723     547.076     0     0     0     0     0     1     0     0     d
576.981     662.074     0     0     0     0     0     0     0     0     e
992.771     844.671     2     0     7     0     0     3     0     0     w
643.131     977.916     0     0     0     0     0     1     0     0     e
586.443     667.928     0     0     0     0     0     1     0     0     d
824.772     849.348     0     0     0     0     0     0     0     0     e
738.703     950.464     0     0     0     0     0     0     0     0     e
750.679     589.282     0     0     0     0     0     1     0     0     d
731.704     676.575     0     0     0     0     0     1     0     0     d
799.856     561.811     3     0     30     0     0     2     0     0     w
689.133     869.415     0     0     0     0     0     0     0     0     e
873.912     597.97     1     0     33     0     0     9     0     0     w
799.815     731.754     0     0     0     0     0     0     0     0     e
745.22     744.585     0     0     0     0     0     0     0     0     e
552.04     583.617     0     0     0     0     0     2     0     0     d
517.343     949.257     0     0     0     0     0     5     0     0     d
870.523     722.752     0     0     0     0     0     3     0     0     d
958.325     698.572     3     0     32     1     0     5     0     71     w
672.141     926.095     0     0     0     0     0     0     0     0     e
896.169     982.865     0     0     0     0     0     0     0     0     e
766.462     725.812     0     0     0     0     0     0     0     0     e
777.1     689.959     0     0     0     0     0     0     0     0     e
570.667     753.008     0     0     0     0     0     0     0     0     e
964.091     571.716     0     0     0     0     0     0     0     0     e
633.132     599.41     0     0     0     0     0     0     0     0     e
715.783     1107.78     0     0     0     0     0     2     0     0     d
713.924     1099.47     0     0     0     0     0     1     0     0     d
571.782     1123.38     0     0     0     0     0     0     0     0     e
639.492     1309.2     0     0     0     0     0     3     0     0     e
696.6     1235.36     0     0     0     0     0     1     0     0     e
622.176     1306.42     0     0     1     0     0     0     0     0     w
971.825     1465.94     0     0     0     0     0     4     0     0     e
944.497     1100.28     0     0     0     0     0     0     0     0     e
739.177     1473.65     0     0     2     0     0     1     0     0     w
980.598     1384.09     0     0     0     0     0     0     0     0     e
763.474     1401.4     0     0     0     0     0     0     0     0     e
597.052     1473.81     0     0     2     1     0     7     0     60     w
672.826     1028.76     0     0     0     0     0     0     0     0     e
651.316     1281.44     0     0     0     0     0     1     0     0     d
523.477     1262.41     0     0     0     0     0     0     0     0     e
922.225     1276.42     0     0     0     0     0     0     0     0     e
867.031     1114.85     0     0     0     0     0     0     0     0     e
937.922     1268.2     0     0     0     0     0     0     0     0     e
864.103     1407.09     0     0     0     0     0     0     0     0     e
739.409     1195.72     0     0     0     0     0     0     0     0     e
798.45     1332.78     0     0     0     0     0     0     0     0     e
700.463     1477.92     0     0     0     0     0     0     0     0     e
808.518     1046.05     0     0     0     0     0     0     0     0     e
756.56     1404.69     0     0     0     0     0     0     0     0     e
794.496     1025.39     0     0     0     0     0     0     0     0     e
778.202     1264.95     0     0     0     0     0     0     0     0     e
1400.64     273.462     0     0     0     0     0     1     0     0     d
1402.64     24.2814     0     0     0     0     0     1     0     0     d
1341.58     129.343     0     0     0     0     0     3     0     0     d
1279.46     130.817     0     0     1     0     0     10     0     0     w
1237.36     254.263     0     0     0     0     0     3     0     0     d
1164.03     326.282     0     0     0     0     0     1     0     0     d
1228.56     100.128     0     0     0     0     0     1     0     0     d
1193.18     394.921     0     0     0     0     0     0     0     0     e
1329.81     480.657     0     0     0     0     0     0     0     0     e
1227.91     142.38     0     0     2     0     0     9     0     0     w
1176.97     64.2575     0     0     0     0     0     1     0     0     d
1165.84     16.5128     0     0     0     0     0     1     0     0     d
1140.18     54.1052     0     0     0     0     0     8     0     0     e
1221.49     223.264     0     0     1     0     0     6     0     0     w
1213.34     252.836     0     0     2     0     0     8     0     0     w
1383.46     292.541     0     0     0     0     0     1     0     0     d
1476.23     270.339     0     0     0     0     0     0     0     0     e
1052.61     390.908     0     0     0     0     0     0     0     0     e
1242.21     362.238     0     0     0     0     0     1     0     0     d
1471.21     426.288     1     0     14     0     0     1     0     0     w
1396.88     66.7667     0     0     1     0     0     3     0     0     w
1461.34     112.161     0     0     0     0     0     0     0     0     e
1136.84     253.544     0     0     3     0     0     3     0     0     w
1241.69     179.827     0     0     1     0     0     1     0     0     w
1173.68     177.216     0     0     2     0     0     2     0     0     w
1295.24     134.589     0     0     2     0     0     1     0     0     w
1225.71     131.402     0     0     0     0     0     2     0     0     d
1379.39     327.574     0     0     0     0     0     0     0     0     e
1033.97     369.841     0     0     0     0     0     0     0     0     e
1235.78     254.454     1     0     4     0     0     5     0     0     w
1218.85     187.908     3     0     12     0     0     7     0     0     w
1112.58     17.9962     2     0     32     0     0     1     0     0     w
1426.33     480.956     0     0     0     0     0     0     0     0     e
1170.67     17.5555     0     0     0     0     0     0     0     0     e
1051.31     19.5816     0     0     0     0     0     0     0     0     e
1320.15     494.275     0     0     0     0     0     0     0     0     e
1499.26     538.771     0     0     0     0     0     0     0     0     e
1075.79     854.167     0     0     0     0     0     3     0     0     d
1295.6     892.878     0     0     0     0     0     1     0     0     d
1260.86     846.913     0     0     0     0     0     4     0     0     e
1272.42     553.707     0     0     0     0     0     0     0     0     e
1368.07     798.664     0     0     0     0     0     0     0     0     e
1363.65     981.21     0     0     0     0     0     1     0     0     d
1053.93     990.088     0     0     0     0     0     0     0     0     e
1312.72     876.683     0     0     0     0     0     1     0     0     e
1094.78     827.254     0     0     0     0     0     1     0     0     d
1193.19     935.956     0     0     0     0     0     1     0     0     d
1474.92     746.18     0     0     0     0     0     0     0     0     e
1219.03     700.998     0     0     0     0     0     0     0     0     e
1225.54     983.091     0     0     0     0     0     1     0     0     d
1258.84     647.558     0     0     0     0     0     0     0     0     e
1424.46     787.654     0     0     0     0     0     0     0     0     e
1029.96     880.049     0     0     0     0     0     1     0     0     d
1432.4     715.831     0     0     0     0     0     0     0     0     e
1088.76     906.993     0     0     0     0     0     2     0     0     e
1191.47     707.272     0     0     0     0     0     1     0     0     d
1272.73     887.047     0     0     0     0     0     0     0     0     e
1498.16     887.984     0     0     0     0     0     1     0     0     d
1288.63     868.102     0     0     1     0     0     4     0     0     w
1031.91     970.46     0     0     0     0     0     0     0     0     e
1078     535.335     0     0     0     0     0     0     0     0     e
1211.94     860.767     0     0     0     0     0     0     0     0     e
1424.59     690.533     0     0     0     0     0     0     0     0     e
1166.72     591.747     0     0     0     0     0     0     0     0     e
1128.77     805.383     0     0     0     0     0     0     0     0     e
1204.57     903.604     0     0     0     0     0     0     0     0     e
1216.11     1413.17     0     0     0     0     0     0     0     0     e
1480.37     1103.02     0     0     4     0     0     0     0     0     w
1049.09     1364.98     0     0     1     0     0     1     0     0     w
1429.04     1460.97     0     0     0     0     0     1     0     0     d
1309.77     1385.2     0     0     0     0     0     1     0     0     e
1258.26     1023.76     0     0     0     0     0     0     0     0     e
1202.96     1287.25     0     0     0     0     0     1     0     0     d
1484.25     1382     0     0     0     0     0     1     0     0     d
1494.44     1186.01     0     0     0     0     0     1     0     0     d
1318.46     1094.58     0     0     0     0     0     0     0     0     e
1147.71     1206.26     0     0     0     0     0     0     0     0     e
1303.26     1092.79     0     0     0     0     0     1     0     0     d
1252.27     1308.07     0     0     0     0     0     1     0     0     d
1064.11     1078.81     0     0     0     0     0     1     0     0     e
1100.37     1446.33     0     0     0     0     0     2     0     0     d
1182.45     1315.21     0     0     0     0     0     0     0     0     e
1321.05     1004.01     0     0     0     0     0     0     0     0     e
1394.69     1341.99     0     0     0     0     0     1     0     0     d
1142.84     1161.37     0     0     0     0     0     0     0     0     e
1498.55     1039.58     0     0     0     1     0     1     0     53     d
1272.23     1197.44     1     0     20     0     0     6     0     0     w
1372.16     1145.32     0     0     0     0     0     1     0     0     d
1093.38     1484.58     0     0     0     0     0     3     0     0     e
1440.56     1255.36     0     0     0     0     0     0     0     0     e
1060.28     1372.11     0     0     0     0     0     0     0     0     e
1482.89     1228.66     0     0     0     0     0     0     0     0     e
1054.58     1116.82     0     0     0     0     0     0     0     0     e
1443.76     1232.93     0     0     0     0     0     0     0     0     e
1148.16     1166.6     0     0     0     0     0     0     0     0     e
1154.15     1117.17     0     0     3     0     0     1     0     0     w
1027.21     1050.14     0     0     0     0     0     0     0     0     e
1474.41     1203.26     0     0     0     0     0     0     0     0     e
1340.31     1113.16     0     0     1     0     0     5     0     0     w
1183.94     1277.48     0     0     0     0     0     0     0     0     e
1139.91     1280.89     0     0     0     0     0     0     0     0     e
1219.49     1000.44     0     0     0     0     0     0     0     0     e
1461.08     1181.7     0     0     0     0     0     0     0     0     e
1388.44     1154.21     0     0     0     0     0     0     0     0     e
1093.82     1384.02     0     0     0     0     0     0     0     0     e
1439.54     1267.06     0     0     0     0     0     0     0     0     e
1100.1     1220.37     0     0     0     0     0     0     0     0     e
1081.14     1164.09     0     0     0     0     0     0     0     0     e
1059.93     1178.14     0     0     0     0     0     0     0     0     e
1495.6     1224.16     0     0     0     0     0     0     0     0     e
1113.94     1234.63     0     0     0     0     0     0     0     0     e
1121.77     1300.19     0     0     0     0     0     0     0     0     e
